462	236	20
1.0	-1.0	1.0	0.0	0.0	0	0	0	0	0	0	0.0	0.0	0.0	1.0	0.0	0.0	0.0	0.0	0.0
0.9999993443489075	1.0	1.0000007152557373	0.0	0.0	1.0	2	0.0	0	0.0	0	0.0	0.0	0.0	1.0	0.0	0.0	0.0	0.0	0.0
-1.0000003576278687	1.0	0.9999996423721313	0.0	0.0	0	0	0	0	0	0	0.0	0.0	0.0	1.0	0.0	0.0	0.0	0.0	0.0
-1.0000001192092896	-1.0	0.9999998211860657	0.0	0.0	0	0	0	0	0	0	0.0	0.0	0.0	1.0	0.0	0.0	0.0	0.0	0.0
-1.0000003576278687	1.0	0.9999996423721313	0.0	0.0	1.0	2	0.0	0	0.0	0	0.0	0.0	0.0	1.0	0.0	0.0	0.0	0.0	0.0
1.0000004768371582	1.0	-0.999999463558197	0.0	0.0	1.0	2	0.0	0	0.0	0	0.0	0.0	0.0	1.0	0.0	0.0	0.0	0.0	0.0
-0.9999996423721313	-1.0	-1.0000003576278687	0.0	0.0	0	0	0	0	0	0	0.0	0.0	0.0	1.0	0.0	0.0	0.0	0.0	0.0
-1.0000001192092896	-1.0	0.9999998211860657	0.0	0.0	1.0	3	0.0	0	0.0	0	0.0	0.0	0.0	1.0	0.0	0.0	0.0	0.0	0.0
-0.9999996423721313	-1.0	-1.0000003576278687	0.0	0.0	1.0	3	0.0	0	0.0	0	0.0	0.0	0.0	1.0	0.0	0.0	0.0	0.0	0.0
1.0	-1.0	-0.9999999403953552	0.0	0.0	0	0	0	0	0	0	0.0	0.0	0.0	1.0	0.0	0.0	0.0	0.0	0.0
1.0	-1.0	1.0	0.0	0.0	1.0	2	0.0	0	0.0	0	0.0	0.0	0.0	1.0	0.0	0.0	0.0	0.0	0.0
1.0	-1.0	-0.9999999403953552	0.0	0.0	1.0	2	0.0	0	0.0	0	0.0	0.0	0.0	1.0	0.0	0.0	0.0	0.0	0.0
-0.9999999403953552	1.0	-1.0	0.0	0.0	1.0	2	0.0	0	0.0	0	0.0	0.0	0.0	1.0	0.0	0.0	0.0	0.0	0.0
-1.0000003576278687	1.0	0.9999996423721313	0.0	0.0	0.5	2	0.5	0	0.0	0	0.0	0.0	0.0	1.0	0.0	0.0	0.0	0.0	0.0
-0.9999999403953552	1.0	-1.0	0.0	0.0	0.5	2	0.5	0	0.0	0	0.0	0.0	0.0	1.0	0.0	0.0	0.0	0.0	0.0
1.0000004768371582	1.0	-0.999999463558197	0.0	0.0	0.5	2	0.5	0	0.0	0	0.0	0.0	0.0	1.0	0.0	0.0	0.0	0.0	0.0
0.9999993443489075	1.0	1.0000007152557373	0.0	0.0	0.5	2	0.5	0	0.0	0	0.0	0.0	0.0	1.0	0.0	0.0	0.0	0.0	0.0
-0.9999999403953552	1.0	-1.0	0.0	0.0	0	0	0	0	0	0	0.0	0.0	0.0	1.0	0.0	0.0	0.0	0.0	0.0
2.8457024097442627	1.0000004768371582	0.9548642039299011	0.5557149052619934	0.5881755352020264	0.5	4	0.5	3	0.0	0	-0.011735782958567142	-9.079982277171439e-08	-0.9999312162399292	1.1291858073581018e-11	-1.0	9.0805954755524e-08	-0.9999311566352844	1.0543876882707082e-09	0.011735782027244568
-1.0000001192092896	-1.0	0.9999998211860657	0.6328242421150208	0.7358912825584412	1.0	3	0.0	0	0.0	0	-0.011735782958567142	-9.079982277171439e-08	-0.9999312162399292	1.129174531655508e-11	-1.0	9.080594765009664e-08	-0.9999312162399292	1.054387910315313e-09	0.011735782958567142
-1.0000003576278687	1.0	0.9999996423721313	0.5557144284248352	0.7358912825584412	0.5	3	0.5	2	0.0	0	-0.011735782958567142	-9.079982277171439e-08	-0.9999312162399292	1.1291856338857542e-11	-1.0	9.080594765009664e-08	-0.9999312162399292	1.0543877992930106e-09	0.011735782958567142
-0.9999999403953552	1.0	-1.0	0.35028669238090515	0.9400984644889832	0.5	3	0.5	2	0.0	0	1.2399222271142207e-07	-1.0	1.4781026473316763e-14	0.008488972671329975	1.052581355409643e-09	0.9999639391899109	-0.9999639391899109	-1.2398774629218678e-07	0.008488972671329975
2.8457024097442627	1.0000004768371582	0.9548642039299011	0.4269123375415802	0.7930287718772888	0.5	4	0.5	3	0.0	0	1.2399222271142207e-07	-1.0	1.4781026473316763e-14	0.00848897360265255	1.0525814664319455e-09	0.9999639391899109	-0.9999639391899109	-1.2398774629218678e-07	0.00848897360265255
-1.0000003576278687	1.0	0.9999996423721313	0.42739376425743103	0.9407505989074707	0.5	3	0.5	2	0.0	0	1.2399222271142207e-07	-1.0	1.4781026473316763e-14	0.00848897360265255	1.0525814664319455e-09	0.9999639987945557	-0.9999639987945557	-1.239877605030415e-07	0.00848897360265255
0.9999993443489075	1.0	1.0000007152557373	0.60265052318573	0.40949782729148865	0.5	2	0.5	0	0.0	0	-8.940696716308594e-08	-3.576278970740532e-07	1.0	-1.0	-7.371122592303436e-06	-8.940960327663561e-08	7.371122592303436e-06	-1.0	-3.576272433747363e-07
-1.0000001192092896	-1.0	0.9999998211860657	0.6797600984573364	0.4863165020942688	1.0	2	0.0	0	0.0	0	-8.940696716308594e-08	-3.576278970740532e-07	1.0	-1.0	-7.371122592303436e-06	-8.940960327663561e-08	7.371122592303436e-06	-1.0	-3.576272433747363e-07
1.0	-1.0	1.0	0.60265052318573	0.48631706833839417	1.0	2	0.0	0	0.0	0	-8.940696716308594e-08	-3.576278970740532e-07	1.0	-1.0	-7.371122592303436e-06	-8.940960327663561e-08	7.371122592303436e-06	-1.0	-3.576272433747363e-07
1.0	-1.0	-0.9999999403953552	0.3293629288673401	0.9231807589530945	1.0	2	0.0	0	0.0	0	2.6822084464583895e-07	2.3841852225814364e-07	-1.0	5.374893703447015e-07	-1.0	-2.384183801495965e-07	-1.0	-5.374893135012826e-07	-2.682209867543861e-07
-0.9999999403953552	1.0	-1.0	0.25225308537483215	0.9999999403953552	0.5	2	0.5	0	0.0	0	2.6822084464583895e-07	2.3841852225814364e-07	-1.0	5.374893703447015e-07	-1.0	-2.384183801495965e-07	-1.0	-5.374893135012826e-07	-2.682209867543861e-07
1.0000004768371582	1.0	-0.999999463558197	0.25225311517715454	0.9231806993484497	0.5	2	0.5	0	0.0	0	2.6822084464583895e-07	2.3841852225814364e-07	-1.0	5.374893703447015e-07	-1.0	-2.384183801495965e-07	-1.0	-5.374893135012826e-07	-2.682209867543861e-07
-0.9999996423721313	-1.0	-1.0000003576278687	0.0	0.0	1.0	2	0.0	0	0.0	0	0.0	0.0	0.0	1.0	0.0	0.0	0.0	0.0	0.0
-1.0000001192092896	-1.0	0.9999998211860657	0.0	0.0	1.0	2	0.0	0	0.0	0	0.0	0.0	0.0	1.0	0.0	0.0	0.0	0.0	0.0
-0.9999996423721313	-1.0	-1.0000003576278687	0.478604793548584	0.735889196395874	1.0	3	0.0	0	0.0	0	-2.1618542689338938e-07	-1.7881403380215488e-07	1.0	-1.4891271348460577e-05	1.0	1.7881079372727982e-07	-1.0	-1.489127225795528e-05	-2.1618808432322112e-07
2.859950542449951	1.0000004768371582	-0.9999991655349731	0.5557112693786621	0.587628960609436	0.3333333333333333	4	0.3333333333333333	3	0.3333333333333333	2	-2.1618542689338938e-07	-1.7881403380215488e-07	1.0	-1.4891271348460577e-05	1.0	1.7881079372727982e-07	-1.0	-1.489127225795528e-05	-2.1618808432322112e-07
-0.9999999403953552	1.0	-1.0	0.5557144284248352	0.7358880639076233	0.5	3	0.5	2	0.0	0	-2.1618542689338938e-07	-1.7881403380215488e-07	1.0	-1.4891270438965876e-05	1.0	1.7881079372727982e-07	-1.0	-1.4891271348460577e-05	-2.1618808432322112e-07
2.8599510192871094	-0.999999463558197	1.0000005960464478	0.9644300937652588	0.6794022917747498	0.5	4	0.5	3	0.0	0	-1.3897633266424236e-07	1.0	-3.3134536374422943e-14	-2.0101430209251703e-07	5.198308112902474e-15	1.0	1.0	1.3897633266424236e-07	2.0101431630337174e-07
-0.9999996423721313	-1.0	-1.0000003576278687	0.8873201608657837	0.5311425924301147	1.0	3	0.0	0	0.0	0	-1.3897633266424236e-07	1.0	-3.3134536374422943e-14	-2.010142878816623e-07	5.198309806968369e-15	1.0	1.0	1.3897633266424236e-07	2.0101430209251703e-07
-1.0000001192092896	-1.0	0.9999998211860657	0.964430034160614	0.5311425924301147	1.0	3	0.0	0	0.0	0	-1.3897633266424236e-07	1.0	-3.3134536374422943e-14	-2.0101430209251703e-07	5.198308112902474e-15	1.0	1.0	1.3897633266424236e-07	2.0101431630337174e-07
-1.0000003576278687	1.0	0.9999996423721313	0.0	0.0	0.5	3	0.5	2	0.0	0	0.0	0.0	0.0	1.0	0.0	0.0	0.0	0.0	0.0
-0.9999999403953552	1.0	-1.0	0.0	0.0	0.5	3	0.5	2	0.0	0	0.0	0.0	0.0	1.0	0.0	0.0	0.0	0.0	0.0
1.0	4.33065938949585	1.0	0.7568699717521667	0.40949729084968567	1.0	2	0.0	0	0.0	0	-2.384186927884002e-07	-1.0	2.384185791015625e-07	0.0	2.384185791015625e-07	1.0	-1.0	2.384186927884002e-07	-5.684344596586233e-14
-0.9999996423721313	4.33065938949585	-1.0000003576278687	0.6797600984573364	0.4863167703151703	1.0	2	0.0	0	0.0	0	-2.384186927884002e-07	-1.0	2.384185791015625e-07	0.0	2.384185791015625e-07	1.0	-1.0	2.384186927884002e-07	-5.684344596586233e-14
1.0	4.330658912658691	-0.9999999403953552	0.6797600984573364	0.40949729084968567	1.0	2	0.0	0	0.0	0	-2.384186927884002e-07	-1.0	2.384185791015625e-07	0.0	2.384185791015625e-07	1.0	-1.0	2.384186927884002e-07	-5.684344596586233e-14
1.0	-1.0	1.0	0.6328241229057312	0.9406355023384094	1.0	2	0.0	0	0.0	0	-1.0	0.0	0.0	0.0	1.3304395451996243e-07	-1.0	0.0	-1.0	-1.3304395451996243e-07
1.0	4.330658912658691	-0.9999999403953552	0.7099339365959167	0.7358913421630859	1.0	2	0.0	0	0.0	0	-1.0	0.0	0.0	0.0	4.4919130459675216e-07	-1.0	0.0	-1.0	-4.4919130459675216e-07
1.0	-1.0	-0.9999999403953552	0.7099339365959167	0.9406355023384094	1.0	2	0.0	0	0.0	0	-1.0	0.0	0.0	0.0	0.0	-1.0	0.0	-1.0	0.0
-1.0000001192092896	4.33065938949585	0.9999998211860657	0.6328240633010864	0.9406404495239258	1.0	2	0.0	0	0.0	0	8.940696716308594e-08	0.0	-1.0	-1.0	8.733317713449651e-07	-8.940696716308594e-08	8.733317713449651e-07	1.0	7.808194330905308e-14
1.0	-1.0	1.0	0.5557144284248352	0.7358913421630859	1.0	2	0.0	0	0.0	0	8.940696716308594e-08	0.0	-1.0	-1.0	8.733316576581274e-07	-8.940696716308594e-08	8.733316576581274e-07	1.0	7.80819365327895e-14
-1.0000001192092896	-1.0	0.9999998211860657	0.6328240633010864	0.7358912825584412	1.0	2	0.0	0	0.0	0	8.940696716308594e-08	0.0	-1.0	-1.0	8.733316576581274e-07	-8.940696716308594e-08	8.733316576581274e-07	1.0	7.80819365327895e-14
-0.9999996423721313	4.33065938949585	-1.0000003576278687	0.15421941876411438	0.9406470656394958	1.0	2	0.0	0	0.0	0	1.0	0.0	2.3841856489070778e-07	2.384185791015625e-07	0.0	-1.0	0.0	1.0	0.0
-1.0000001192092896	-1.0	0.9999998211860657	0.07710956037044525	0.7359033226966858	1.0	2	0.0	0	0.0	0	1.0	0.0	2.3841856489070778e-07	2.3841856489070778e-07	0.0	-1.0	0.0	1.0	0.0
-0.9999996423721313	-1.0	-1.0000003576278687	0.15421943366527557	0.7359033226966858	1.0	2	0.0	0	0.0	0	1.0	0.0	2.3841856489070778e-07	2.3841856489070778e-07	0.0	-1.0	0.0	1.0	0.0
1.0	4.330658912658691	-0.9999999403953552	0.07710956037044525	0.9406518936157227	1.0	2	0.0	0	0.0	0	-2.0861629934643133e-07	0.0	1.0	1.0	6.986675543885212e-06	2.0861631355728605e-07	-6.986675543885212e-06	1.0	-1.4575343969952526e-12
-0.9999996423721313	-1.0	-1.0000003576278687	0.0	0.7359038591384888	1.0	2	0.0	0	0.0	0	-2.0861629934643133e-07	0.0	1.0	1.0	6.9866750891378615e-06	2.0861629934643133e-07	-6.9866750891378615e-06	1.0	-1.4575342885750353e-12
1.0	-1.0	-0.9999999403953552	0.07710956037044525	0.7359033226966858	1.0	2	0.0	0	0.0	0	-2.0861629934643133e-07	0.0	1.0	1.0	6.9866750891378615e-06	2.0861629934643133e-07	-6.9866750891378615e-06	1.0	-1.4575342885750353e-12
1.0000004768371582	-1.6653296947479248	-0.999999463558197	0.3293629586696625	0.7948130965232849	0.5	8	0.5	0	0.0	0	-1.0	0.0	-5.662441253662109e-07	5.662441253662109e-07	-8.733527465665247e-07	-1.0	-4.945308485632127e-13	-1.0	8.733527465665247e-07
0.9999993443489075	1.0	1.0000007152557373	0.25225308537483215	0.6924410462379456	0.5	2	0.5	0	0.0	0	-1.0	0.0	-5.662441253662109e-07	5.662441253662109e-07	-8.733526897231059e-07	-1.0	-4.945308485632127e-13	-1.0	8.733526897231059e-07
1.0000004768371582	1.0	-0.999999463558197	0.3293629586696625	0.6924409866333008	0.5	2	0.5	0	0.0	0	-1.0	0.0	-5.662441253662109e-07	5.662441253662109e-07	-8.73352632879687e-07	-1.0	-4.945307943531041e-13	-1.0	8.73352632879687e-07
-0.7830103039741516	-5.005950927734375	-0.7830102443695068	0.05735994502902031	0.505196213722229	0.3333333333333333	16	0.3333333333333333	10	0.3333333333333333	9	-2.676568158221926e-07	0.06481830030679703	0.9978971481323242	1.0	6.96662164045847e-06	-1.8429528836350073e-07	-6.963917712710099e-06	0.9978971481323242	-0.06481830030679703
1.0000004768371582	-1.6653296947479248	-0.999999463558197	0.12612640857696533	0.633528470993042	0.5	8	0.5	0	0.0	0	-2.676568158221926e-07	0.06481830030679703	0.9978971481323242	1.0	6.96662164045847e-06	-1.8429528836350073e-07	-6.963917712710099e-06	0.9978971481323242	-0.06481830030679703
-0.9999999403953552	-1.6653296947479248	-1.0	0.04901682958006859	0.633529007434845	0.5	8	0.5	0	0.0	0	-2.676568158221926e-07	0.06481830030679703	0.9978971481323242	1.0	6.966622549953172e-06	-1.842953452069196e-07	-6.963917712710099e-06	0.9978970885276794	-0.06481829285621643
-0.7830106019973755	-5.005950927734375	0.7830100655555725	0.18350926041603088	0.6924409866333008	0.3333333333333333	16	0.3333333333333333	10	0.3333333333333333	9	0.9978970289230347	0.06481830030679703	2.081775676288089e-07	2.085932777617927e-07	3.542381943333339e-10	-1.0	-0.06481830030679703	0.9978970289230347	-1.3167168688710262e-08
-0.9999999403953552	-1.6653296947479248	-1.0	0.25225308537483215	0.8208109736442566	0.5	8	0.5	0	0.0	0	0.9978970289230347	0.06481830030679703	2.081775676288089e-07	2.085932777617927e-07	3.542381943333339e-10	-1.0	-0.06481830030679703	0.9978970289230347	-1.3167168688710262e-08
-1.0000003576278687	-1.6653296947479248	0.9999996423721313	0.17514324188232422	0.8208109736442566	0.5	8	0.5	0	0.0	0	0.9978970289230347	0.06481830030679703	2.081775676288089e-07	2.0859329197264742e-07	3.542372783993386e-10	-1.0	-0.06481830030679703	0.9978970885276794	-1.3167169576888682e-08
0.7830097675323486	-5.005950927734375	0.7830109000205994	0.23250804841518402	0.46175113320350647	0.3333333333333333	11	0.3333333333333333	10	0.3333333333333333	9	5.353138021746418e-07	0.06481830030679703	-0.9978970885276794	-1.0	8.127335036078875e-07	-4.836508651351323e-07	7.796749628141697e-07	0.9978970885276794	0.06481830030679703
-1.0000003576278687	-1.6653296947479248	0.9999996423721313	0.3012697696685791	0.5900663733482361	0.5	8	0.5	0	0.0	0	5.353138021746418e-07	0.06481830030679703	-0.9978970885276794	-1.0	8.127335036078875e-07	-4.836508651351323e-07	7.796749628141697e-07	0.9978970885276794	0.06481830030679703
0.9999993443489075	-1.6653296947479248	1.0000007152557373	0.2241601198911667	0.5900664329528809	0.5	8	0.5	0	0.0	0	5.353138021746418e-07	0.06481830030679703	-0.9978970885276794	-1.0	8.127336172947253e-07	-4.836508651351323e-07	7.796750196575886e-07	0.9978971481323242	0.06481830030679703
0.7830106616020203	-5.005950927734375	-0.7830098271369934	0.3209969699382782	0.9231806397438049	0.3333333333333333	11	0.3333333333333333	10	0.3333333333333333	9	-0.9978970885276794	0.06481830030679703	-5.65053255741077e-07	5.662425905939017e-07	-2.2269325272716856e-11	-1.0	-0.06481830030679703	-0.9978970885276794	-3.6680660286947386e-08
0.9999993443489075	-1.6653296947479248	1.0000007152557373	0.25225311517715454	0.7948130965232849	0.5	8	0.5	0	0.0	0	-0.9978970885276794	0.06481830030679703	-5.65053255741077e-07	5.662425905939017e-07	-2.2269325272716856e-11	-1.0	-0.06481830030679703	-0.9978970885276794	-3.6680660286947386e-08
1.0000004768371582	-1.6653296947479248	-0.999999463558197	0.3293629586696625	0.7948130965232849	0.5	8	0.5	0	0.0	0	-0.9978970885276794	0.06481830030679703	-5.65053255741077e-07	5.662425905939017e-07	-2.2269300986588192e-11	-1.0	-0.06481830030679703	-0.9978971481323242	-3.6680660286947386e-08
-4.330658912658691	0.9999997615814209	-1.0000009536743164	0.9627459645271301	0.5225216746330261	1.0	7	0.0	0	0.0	0	1.0	-2.384185791015625e-07	0.0	-9.249767835353695e-14	-3.8796338230895344e-07	-1.0	2.384185791015625e-07	1.0	-3.8796338230895344e-07
-4.33065938949585	-1.000000238418579	0.9999985098838806	0.8856360912322998	0.44570428133010864	1.0	7	0.0	0	0.0	0	1.0	-2.384185791015625e-07	0.0	-9.249767835353695e-14	-3.8796338230895344e-07	-1.0	2.384185791015625e-07	1.0	-3.8796338230895344e-07
-4.33065938949585	-1.000000238418579	-1.0000014305114746	0.9627459645271301	0.44570431113243103	1.0	7	0.0	0	0.0	0	1.0	-2.384185791015625e-07	0.0	-9.249767835353695e-14	-3.8796338230895344e-07	-1.0	2.384185791015625e-07	1.0	-3.8796338230895344e-07
-4.330658912658691	0.9999997615814209	-1.0000009536743164	0.60265052318573	0.20474882423877716	1.0	7	0.0	0	0.0	0	-2.7879568165189994e-07	-2.3841853646899835e-07	1.0	-2.2682780809191172e-07	-1.0	-2.3841860752327193e-07	1.0	-2.2682789335704e-07	2.787956248084811e-07
-2.6203131675720215	-1.0000001192092896	-1.0000009536743164	0.6797605752944946	0.27044254541397095	1.0	7	0.0	0	0.0	0	-2.7879568165189994e-07	-2.3841853646899835e-07	1.0	-2.2682780809191172e-07	-1.0	-2.3841860752327193e-07	1.0	-2.2682789335704e-07	2.787956248084811e-07
-2.6203126907348633	0.9999998211860657	-1.0000004768371582	0.6026509404182434	0.27044254541397095	0.5	7	0.5	2	0.0	0	-2.7879568165189994e-07	-2.3841853646899835e-07	1.0	-2.2682782230276644e-07	-1.0	-2.3841860752327193e-07	1.0	-2.2682790756789473e-07	2.787956248084811e-07
-2.6203136444091797	0.9999998211860657	0.9999997019767761	0.5045036673545837	0.8749445080757141	0.5	7	0.5	2	0.0	0	3.484946020648749e-08	-1.0	1.661751587570849e-14	2.9906789222877705e-07	2.703987004464871e-14	1.0	-1.0	-3.484946020648749e-08	2.9906789222877705e-07
-4.330658912658691	0.9999997615814209	-1.0000009536743164	0.42739376425743103	0.9406384229660034	1.0	7	0.0	0	0.0	0	3.484946020648749e-08	-1.0	1.661751587570849e-14	2.990678638070676e-07	2.703987004464871e-14	1.0	-1.0	-3.484946020648749e-08	2.990678638070676e-07
-2.6203126907348633	0.9999998211860657	-1.0000004768371582	0.42739376425743103	0.8749444484710693	0.5	7	0.5	2	0.0	0	3.484946020648749e-08	-1.0	1.661751587570849e-14	2.9906789222877705e-07	2.703987004464871e-14	1.0	-1.0	-3.484946020648749e-08	2.9906789222877705e-07
-4.33065938949585	-1.000000238418579	0.9999985098838806	0.7307659387588501	1.0989113974346765e-07	1.0	7	0.0	0	0.0	0	2.7879571007360937e-07	3.5762798233918147e-07	-1.0	-6.804828558415466e-07	1.0	3.5762775496550603e-07	1.0	6.804827421547088e-07	2.7879596586899424e-07
-2.6203136444091797	0.9999998211860657	0.9999997019767761	0.8078757524490356	0.0656939223408699	0.5	7	0.5	2	0.0	0	2.7879571007360937e-07	3.5762798233918147e-07	-1.0	-6.804828558415466e-07	1.0	3.5762775496550603e-07	1.0	6.804827421547088e-07	2.7879596586899424e-07
-2.6203131675720215	-1.0000001192092896	0.9999989867210388	0.7307659387588501	0.06569388508796692	1.0	7	0.0	0	0.0	0	2.7879571007360937e-07	3.5762798233918147e-07	-1.0	-6.804828558415466e-07	1.0	3.5762775496550603e-07	1.0	6.804827421547088e-07	2.7879596586899424e-07
0.7830106616020203	-9.879547119140625	-0.7830098271369934	0.17514324188232422	0.9833333492279053	0.3333333333333333	12	0.3333333333333333	11	0.3333333333333333	10	0.0	1.0	0.0	4.200086891614774e-07	0.0	1.0	1.0	0.0	-4.200086891614774e-07
-0.7830106019973755	-9.879547119140625	0.7830100655555725	0.23552104830741882	0.9231829047203064	0.3333333333333333	17	0.3333333333333333	16	0.3333333333333333	10	0.0	1.0	0.0	4.200086891614774e-07	0.0	1.0	1.0	0.0	-4.200086891614774e-07
0.7830097675323486	-9.879547119140625	0.7830109000205994	0.23552106320858002	0.9833332896232605	0.3333333333333333	12	0.3333333333333333	11	0.3333333333333333	10	0.0	1.0	0.0	4.200086891614774e-07	0.0	1.0	1.0	0.0	-4.200086891614774e-07
4.316411018371582	-0.9999992847442627	0.9548646807670593	0.8849828839302063	0.44590887427330017	1.0	4	0.0	0	0.0	0	-1.0	-4.76837158203125e-07	-2.384185791015625e-07	-2.424497438369144e-07	0.008471930399537086	0.9999641180038452	-4.7480017428824794e-07	0.9999641180038452	-0.008471930399537086
4.316410541534424	1.0000007152557373	-1.0451351404190063	0.8085290193557739	0.5233744978904724	1.0	4	0.0	0	0.0	0	-1.0	-4.76837158203125e-07	-2.384185791015625e-07	-2.4244977225862385e-07	0.008471931330859661	0.99996417760849	-4.748002027099574e-07	0.99996417760849	-0.008471931330859661
4.31641149520874	-0.9999992847442627	-1.045135498046875	0.8078758120536804	0.4465596675872803	1.0	4	0.0	0	0.0	0	-1.0	-4.76837158203125e-07	-2.384185791015625e-07	-2.424497438369144e-07	0.008471930399537086	0.9999641180038452	-4.7480017428824794e-07	0.9999641180038452	-0.008471930399537086
4.316410541534424	1.0000007152557373	0.9548645615577698	0.5557148456573486	0.5316861271858215	1.0	4	0.0	0	0.0	0	2.456375796100474e-07	-0.022562449797987938	-0.9997454881668091	4.806291326531209e-05	-0.9997454881668091	0.022562449797987938	-1.0	-4.8056215746328235e-05	8.38841970107751e-07
2.8599510192871094	-0.999999463558197	1.0000005960464478	0.6328241229057312	0.5876319408416748	0.5	4	0.5	3	0.0	0	2.456375796100474e-07	-0.022562449797987938	-0.9997454881668091	4.806291326531209e-05	-0.9997454881668091	0.022562449797987938	-1.0	-4.8056215746328235e-05	8.38841970107751e-07
2.8457024097442627	1.0000004768371582	0.9548642039299011	0.5557149052619934	0.5881755352020264	0.5	4	0.5	3	0.0	0	2.456375796100474e-07	-0.022562449797987938	-0.9997454881668091	4.8062909627333283e-05	-0.9997454285621643	0.02256244793534279	-1.0	-4.805621938430704e-05	8.38841970107751e-07
2.859950542449951	1.0000004768371582	-0.9999991655349731	0.3515501022338867	0.7918441295623779	0.3333333333333333	4	0.3333333333333333	3	0.3333333333333333	2	1.621114051886252e-07	-1.0	1.1815581846263967e-09	0.00848890095949173	2.5576634143931187e-09	0.9999639987945557	-0.9999639987945557	-1.6209553166390833e-07	0.00848890095949173
4.316410541534424	1.0000007152557373	0.9548645615577698	0.42739373445510864	0.7365413308143616	1.0	4	0.0	0	0.0	0	1.621114051886252e-07	-1.0	1.1815581846263967e-09	0.00848890095949173	2.5576634143931187e-09	0.9999639987945557	-0.9999639987945557	-1.6209553166390833e-07	0.00848890095949173
2.8457024097442627	1.0000004768371582	0.9548642039299011	0.4269123375415802	0.7930287718772888	0.5	4	0.5	3	0.0	0	1.621114051886252e-07	-1.0	1.1815581846263967e-09	0.008488900028169155	2.557663192348514e-09	0.9999639391899109	-0.9999639391899109	-1.6209553166390833e-07	0.008488900028169155
2.8599514961242676	-0.999999463558197	-0.9999995231628418	0.4786016345024109	0.587630033493042	0.5	4	0.5	3	0.0	0	0.030975323170423508	-1.636187647591214e-07	0.9995201826095581	-1.4442018255067524e-05	1.0	6.112582013884094e-07	-0.9995201230049133	-1.4454020856646821e-05	0.03097532130777836
4.316410541534424	1.0000007152557373	-1.0451351404190063	0.5557144284248352	0.5316821932792664	1.0	4	0.0	0	0.0	0	0.030975323170423508	-1.636187647591214e-07	0.9995201826095581	-1.4442017345572822e-05	1.0	6.112581445449905e-07	-0.9995201230049133	-1.4454019947152119e-05	0.03097532130777836
2.859950542449951	1.0000004768371582	-0.9999991655349731	0.5557112693786621	0.587628960609436	0.3333333333333333	4	0.3333333333333333	3	0.3333333333333333	2	0.030975323170423508	-1.636187647591214e-07	0.9995201826095581	-1.4442017345572822e-05	1.0	6.112582013884094e-07	-0.9995201826095581	-1.4454021766141523e-05	0.030975323170423508
1.0	-1.0	-0.9999999403953552	0.8873201608657837	0.8184575438499451	0	0	0	0	0	0	-3.292789685360731e-08	1.0	0.0	-7.759052209621586e-07	-2.554892265089169e-14	1.0	1.0	3.292789685360731e-08	7.759052778055775e-07
-2.6203131675720215	-1.0000001192092896	0.9999989867210388	0.964430034160614	0.6794022917747498	1.0	7	0.0	0	0.0	0	-3.292789685360731e-08	1.0	0.0	-7.759052209621586e-07	-2.5548920956825795e-14	1.0	1.0	3.292789685360731e-08	7.759052778055775e-07
1.0	-1.0	1.0	0.964430034160614	0.8184576034545898	0	0	0	0	0	0	-3.292789685360731e-08	1.0	0.0	-7.759052778055775e-07	-2.55489192627599e-14	1.0	1.0	3.292789685360731e-08	7.759053346489964e-07
2.8599514961242676	-4.328086853027344	1.0000005960464478	0.0	0.0	1.0	4	0.0	0	0.0	0	0.0	0.0	0.0	1.0	0.0	0.0	0.0	0.0	0.0
4.330659866333008	-4.328086853027344	1.0000009536743164	0.0	0.0	1.0	4	0.0	0	0.0	0	0.0	0.0	0.0	1.0	0.0	0.0	0.0	0.0	0.0
4.316411018371582	-0.9999992847442627	0.9548646807670593	0.6328246593475342	0.5316861271858215	1.0	4	0.0	0	0.0	0	-0.030975280329585075	-4.438033940346031e-09	-0.9995201230049133	1.6004570113636873e-07	-1.0	-5.196767460802221e-10	-0.9995201230049133	-1.599850065758801e-07	0.030975280329585075
2.8599514961242676	-4.328086853027344	1.0000005960464478	0.7611382603645325	0.5876319408416748	1.0	4	0.0	0	0.0	0	-0.030975280329585075	-4.438033940346031e-09	-0.9995201230049133	1.6004571534722345e-07	-1.0	-5.196771901694319e-10	-0.9995201230049133	-1.5998502078673482e-07	0.030975280329585075
2.8599510192871094	-0.999999463558197	1.0000005960464478	0.6328241229057312	0.5876319408416748	0.5	4	0.5	3	0.0	0	-0.030975280329585075	-4.438033940346031e-09	-0.9995201230049133	1.6004571534722345e-07	-1.0	-5.196771901694319e-10	-0.9995201230049133	-1.5998502078673482e-07	0.030975280329585075
4.330660343170166	-4.328086853027344	-0.9999991655349731	0.8085290193557739	0.3187255263328552	1.0	4	0.0	0	0.0	0	-0.9999908208847046	-0.0042813559994101524	-2.3841634799737221e-07	-3.651094084489159e-05	0.00847212877124548	0.9999641180038452	-0.004281200468540192	0.9999549388885498	-0.008472207002341747
4.316411018371582	-0.9999992847442627	0.9548646807670593	0.8849828839302063	0.44590887427330017	1.0	4	0.0	0	0.0	0	-0.9999908208847046	-0.0042813559994101524	-2.3841634799737221e-07	-3.651094084489159e-05	0.00847212877124548	0.9999641180038452	-0.004281200468540192	0.9999549388885498	-0.008472207002341747
4.31641149520874	-0.9999992847442627	-1.045135498046875	0.8078758120536804	0.4465596675872803	1.0	4	0.0	0	0.0	0	-0.9999908208847046	-0.0042813559994101524	-2.3841634799737221e-07	-3.65109444828704e-05	0.008472129702568054	0.9999641180038452	-0.004281200468540192	0.9999549388885498	-0.008472207933664322
2.859951972961426	-4.328086853027344	-0.9999995231628418	0.35028788447380066	0.58763188123703	1.0	4	0.0	0	0.0	0	0.03097531944513321	4.6090313787772175e-09	0.9995201230049133	-1.4596704204450361e-05	1.0	4.477434174532391e-07	-0.9995201230049133	-1.4603568160964642e-05	0.03097531944513321
4.31641149520874	-0.9999992847442627	-1.045135498046875	0.478604793548584	0.5316832661628723	1.0	4	0.0	0	0.0	0	0.03097531944513321	4.6090313787772175e-09	0.9995201230049133	-1.4596704204450361e-05	1.0	4.477434174532391e-07	-0.9995201230049133	-1.4603568160964642e-05	0.03097531944513321
2.8599514961242676	-0.999999463558197	-0.9999995231628418	0.4786016345024109	0.587630033493042	0.5	4	0.5	3	0.0	0	0.03097531944513321	4.6090313787772175e-09	0.9995201230049133	-1.4596704204450361e-05	1.0	4.477434174532391e-07	-0.9995201230049133	-1.4603568160964642e-05	0.03097531944513321
2.8599514961242676	-4.328086853027344	1.0000005960464478	0.8873201608657837	0.8184575438499451	1.0	4	0.0	0	0.0	0	1.0	1.432766367770455e-07	2.384185791015625e-07	2.384186643666908e-07	-5.086318992653105e-07	-1.0	-1.4327650887935306e-07	1.0	-5.086319561087294e-07
2.8599514961242676	-0.999999463558197	-0.9999995231628418	0.964430034160614	0.9462851285934448	0.5	4	0.5	3	0.0	0	1.0	1.432766367770455e-07	2.384185791015625e-07	2.3841860752327193e-07	-2.6729435376182664e-07	-1.0	-1.4327657993362664e-07	1.0	-2.6729438218353607e-07
2.8599510192871094	-0.999999463558197	1.0000005960464478	0.8873201608657837	0.9462851285934448	0.5	4	0.5	3	0.0	0	1.0	1.432766367770455e-07	2.384185791015625e-07	2.384185791015625e-07	-4.235164736271502e-22	-1.0	-1.432766367770455e-07	1.0	-3.415981215883386e-14
-2.6203131675720215	-1.0000001192092896	0.9999989867210388	0.7307659387588501	0.06569388508796692	1.0	7	0.0	0	0.0	0	2.798871321374463e-07	3.5762798233918147e-07	-1.0	-8.572822025598725e-07	1.0	3.5762769812208717e-07	1.0	8.572821457164537e-07	2.7988744477625005e-07
0.9999993443489075	1.0	1.0000007152557373	0.8078757524490356	0.20474882423877716	1.0	2	0.0	0	0.0	0	2.798871321374463e-07	3.5762798233918147e-07	-1.0	-8.572822025598725e-07	1.0	3.5762769812208717e-07	1.0	8.572821457164537e-07	2.7988744477625005e-07
1.0	-1.0	1.0	0.7307659387588501	0.20474879443645477	0	0	0	0	0	0	2.798871321374463e-07	3.5762798233918147e-07	-1.0	-8.572822594032914e-07	1.0	3.5762769812208717e-07	1.0	8.572822025598725e-07	2.7988744477625005e-07
-2.6203136444091797	0.9999998211860657	0.9999997019767761	0.5045036673545837	0.8749445080757141	0.5	7	0.5	2	0.0	0	4.93918470567678e-08	-1.0	2.7967838684079052e-14	-6.429596624002443e-07	-3.789127350642754e-15	1.0	-1.0	-4.93918470567678e-08	-6.429596624002443e-07
1.0000004768371582	1.0	-0.999999463558197	0.4273937940597534	0.735889196395874	1.0	2	0.0	0	0.0	0	4.93918470567678e-08	-1.0	2.7967838684079052e-14	-6.429596624002443e-07	-3.789127350642754e-15	1.0	-1.0	-4.93918470567678e-08	-6.429596624002443e-07
0.9999993443489075	1.0	1.0000007152557373	0.5045036673545837	0.735889196395874	1.0	2	0.0	0	0.0	0	4.93918470567678e-08	-1.0	2.7967838684079052e-14	-6.429596624002443e-07	-3.789127350642754e-15	1.0	-1.0	-4.93918470567678e-08	-6.429596624002443e-07
-2.6203126907348633	0.9999998211860657	-1.0000004768371582	0.6026509404182434	0.27044254541397095	0.5	7	0.5	2	0.0	0	-2.798871321374463e-07	-2.3841853646899835e-07	1.0	-2.143207922244983e-07	-1.0	-2.3841860752327193e-07	1.0	-2.1432087748962658e-07	2.7988707529402745e-07
1.0	-1.0	-0.9999999403953552	0.679761528968811	0.40949729084968567	0	0	0	0	0	0	-2.798871321374463e-07	-2.3841853646899835e-07	1.0	-2.143207922244983e-07	-1.0	-2.3841860752327193e-07	1.0	-2.1432087748962658e-07	2.7988707529402745e-07
1.0000004768371582	1.0	-0.999999463558197	0.6026518940925598	0.40949729084968567	1.0	2	0.0	0	0.0	0	-2.798871321374463e-07	-2.3841853646899835e-07	1.0	-2.143207922244983e-07	-1.0	-2.3841860752327193e-07	1.0	-2.1432087748962658e-07	2.7988707529402745e-07
4.330660343170166	-4.328086853027344	-0.9999991655349731	0.0	0.0	1.0	4	0.0	0	0.0	0	0.0	0.0	0.0	1.0	0.0	0.0	0.0	0.0	0.0
2.859951972961426	-4.328086853027344	-0.9999995231628418	0.0	0.0	1.0	4	0.0	0	0.0	0	0.0	0.0	0.0	1.0	0.0	0.0	0.0	0.0	0.0
-4.33065938949585	-4.322933197021484	-1.0000014305114746	0.8078752160072327	0.20474883913993835	1.0	7	0.0	0	0.0	0	-2.7879568165189994e-07	0.0	1.0	-1.1675049194082021e-07	-1.0	-3.2549531375335866e-14	1.0	-1.1675049194082021e-07	2.7879568165189994e-07
-2.6203131675720215	-1.0000001192092896	-1.0000009536743164	0.6797605752944946	0.27044254541397095	1.0	7	0.0	0	0.0	0	-2.7879568165189994e-07	0.0	1.0	-1.1675049194082021e-07	-1.0	-3.2549531375335866e-14	1.0	-1.1675049194082021e-07	2.7879568165189994e-07
-4.33065938949585	-1.000000238418579	-1.0000014305114746	0.6797601580619812	0.20474882423877716	1.0	7	0.0	0	0.0	0	-2.7879568165189994e-07	0.0	1.0	-1.1675049194082021e-07	-1.0	-3.2549531375335866e-14	1.0	-1.1675049194082021e-07	2.7879568165189994e-07
-4.33065938949585	-4.322933197021484	0.9999985098838806	0.8856361508369446	0.3180747330188751	1.0	7	0.0	0	0.0	0	1.0	0.0	0.0	0.0	-1.6108211298160313e-07	-1.0	0.0	1.0	-1.6108211298160313e-07
-4.33065938949585	-1.000000238418579	-1.0000014305114746	0.9627459645271301	0.44570431113243103	1.0	7	0.0	0	0.0	0	1.0	0.0	0.0	0.0	-3.05930768718099e-07	-1.0	0.0	1.0	-3.05930768718099e-07
-4.33065938949585	-1.000000238418579	0.9999985098838806	0.8856360912322998	0.44570428133010864	1.0	7	0.0	0	0.0	0	1.0	0.0	0.0	0.0	-4.670128532779927e-07	-1.0	0.0	1.0	-4.670128532779927e-07
-2.6203129291534424	-4.322933197021484	0.9999989867210388	0.60265052318573	0.06569378823041916	1.0	7	0.0	0	0.0	0	2.7879571007360937e-07	2.0003435214667464e-14	-1.0	-8.306269023705681e-07	1.0	-2.1157179469748905e-13	1.0	8.306269023705681e-07	2.7879571007360937e-07
-4.33065938949585	-1.000000238418579	0.9999985098838806	0.7307659387588501	1.0989113974346765e-07	1.0	7	0.0	0	0.0	0	2.7879571007360937e-07	2.0003435214667464e-14	-1.0	-8.30626959213987e-07	1.0	-2.1157179469748905e-13	1.0	8.30626959213987e-07	2.7879571007360937e-07
-2.6203131675720215	-1.0000001192092896	0.9999989867210388	0.7307659387588501	0.06569388508796692	1.0	7	0.0	0	0.0	0	2.7879571007360937e-07	2.0003435214667464e-14	-1.0	-8.30626959213987e-07	1.0	-2.1157179469748905e-13	1.0	8.30626959213987e-07	2.7879571007360937e-07
-2.6203129291534424	-4.322933197021484	-1.0000009536743164	0.7611382603645325	0.8492193818092346	1.0	7	0.0	0	0.0	0	-1.0	-7.174943306154091e-08	0.0	0.0	0.0	1.0	-7.174943306154091e-08	1.0	0.0
-2.6203131675720215	-1.0000001192092896	0.9999989867210388	0.8382481336593628	0.9768492579460144	1.0	7	0.0	0	0.0	0	-1.0	-7.174943306154091e-08	0.0	0.0	0.0	1.0	-7.174943306154091e-08	1.0	0.0
-2.6203131675720215	-1.0000001192092896	-1.0000009536743164	0.7611382603645325	0.9768492579460144	1.0	7	0.0	0	0.0	0	-1.0	-7.174943306154091e-08	0.0	0.0	0.0	1.0	-7.174943306154091e-08	1.0	0.0
-0.7830103039741516	-9.879547119140625	-0.7830102443695068	0.057359952479600906	0.31800326704978943	0.3333333333333333	17	0.3333333333333333	16	0.3333333333333333	10	-2.664284295406105e-07	0.0	1.0	1.0	6.099781785451341e-06	2.664284295406105e-07	-6.099781785451341e-06	1.0	-1.625155305468029e-12
0.7830106616020203	-5.005950927734375	-0.7830098271369934	0.1177375465631485	0.5051958560943604	0.3333333333333333	11	0.3333333333333333	10	0.3333333333333333	9	-2.664284295406105e-07	0.0	1.0	1.0	6.099782240198692e-06	2.664284295406105e-07	-6.099782240198692e-06	1.0	-1.6251554138882462e-12
-0.7830103039741516	-5.005950927734375	-0.7830102443695068	0.05735994502902031	0.505196213722229	0.3333333333333333	16	0.3333333333333333	10	0.3333333333333333	9	-2.664284295406105e-07	0.0	1.0	1.0	6.099781785451341e-06	2.664284295406105e-07	-6.099781785451341e-06	1.0	-1.625155305468029e-12
-2.271355152130127	-10.554838180541992	-1.000000238418579	9.192212324649063e-09	0.2920866906642914	0.5	17	0.5	16	0.0	0	-0.1326349675655365	-0.026051007211208344	0.9908226132392883	0.9911577105522156	0.0003362633869983256	0.13268867135047913	-0.003789850976318121	0.9996606111526489	0.025776054710149765
-0.9999999403953552	-17.027751922607422	-1.0	0.04901682958006859	0.0434642918407917	0.3333333333333333	19	0.3333333333333333	18	0.3333333333333333	17	-0.1326349675655365	-0.026051007211208344	0.9908226132392883	0.9911577105522156	0.00033626341610215604	0.13268867135047913	-0.003789850976318121	0.9996606111526489	0.025776056572794914
-0.7830103039741516	-9.879547119140625	-0.7830102443695068	0.057359952479600906	0.31800326704978943	0.3333333333333333	17	0.3333333333333333	16	0.3333333333333333	10	-0.1326349675655365	-0.026051007211208344	0.9908226132392883	0.9911577701568604	0.00033626382355578244	0.13268867135047913	-0.003789850976318121	0.9996605515480042	0.025776054710149765
0.7830097675323486	-9.879547119140625	0.7830109000205994	0.23250806331634521	0.2745576798915863	0.3333333333333333	12	0.3333333333333333	11	0.3333333333333333	10	5.328570296114776e-07	0.0	-1.0	-1.0	4.0665119627192325e-07	-5.328570296114776e-07	4.0665119627192325e-07	1.0	2.166869521270584e-13
-0.7830106019973755	-5.005950927734375	0.7830100655555725	0.2928856909275055	0.4617511034011841	0.3333333333333333	16	0.3333333333333333	10	0.3333333333333333	9	5.328570296114776e-07	0.0	-1.0	-1.0	4.066511678502138e-07	-5.328570296114776e-07	4.066511678502138e-07	1.0	2.1668693857453125e-13
0.7830097675323486	-5.005950927734375	0.7830109000205994	0.23250804841518402	0.46175113320350647	0.3333333333333333	11	0.3333333333333333	10	0.3333333333333333	9	5.328570296114776e-07	0.0	-1.0	-1.0	4.0665119627192325e-07	-5.328570296114776e-07	4.0665119627192325e-07	1.0	2.166869521270584e-13
-1.0000005960464478	-18.15932846069336	2.272783041000366	0.9340577125549316	0.0	0.5	19	0.5	18	0.0	0	-1.0	0.0	-1.8732062301296537e-07	-1.8732062301296537e-07	0.0	1.0	0.0	1.0	0.0
-1.0000003576278687	-17.027751922607422	0.9999996423721313	0.884985625743866	0.04346253350377083	0.3333333333333333	19	0.3333333333333333	18	0.3333333333333333	17	-1.0	0.0	-1.8732062301296537e-07	-1.8732062301296537e-07	0.0	1.0	0.0	1.0	0.0
-1.0000003576278687	-18.15932846069336	0.9999996423721313	0.884985625743866	0.0	0.5	19	0.5	18	0.0	0	-1.0	0.0	-1.8732062301296537e-07	-1.8732062301296537e-07	0.0	1.0	0.0	1.0	0.0
0.9999993443489075	-1.6653296947479248	1.0000007152557373	0.2241601198911667	0.5900664329528809	0.5	8	0.5	0	0.0	0	5.364418598219345e-07	0.0	-1.0	-1.0	7.277767508639954e-07	-5.364418598219345e-07	7.277767508639954e-07	1.0	3.904099266094363e-13
-1.0000003576278687	1.0	0.9999996423721313	0.3012697696685791	0.692440927028656	0.5	2	0.5	0	0.0	0	5.364418598219345e-07	0.0	-1.0	-1.0	7.277768645508331e-07	-5.364418598219345e-07	7.277768645508331e-07	1.0	3.904099808195449e-13
0.9999993443489075	1.0	1.0000007152557373	0.2241601198911667	0.6924409866333008	0.5	2	0.5	0	0.0	0	5.364418598219345e-07	0.0	-1.0	-1.0	7.277766940205765e-07	-5.364418598219345e-07	7.277766940205765e-07	1.0	3.9040987239932767e-13
-1.0000003576278687	-1.6653296947479248	0.9999996423721313	0.17514324188232422	0.8208109736442566	0.5	8	0.5	0	0.0	0	1.0	0.0	2.0861629934643133e-07	2.0861629934643133e-07	0.0	-1.0	0.0	1.0	0.0
-0.9999999403953552	1.0	-1.0	0.25225308537483215	0.9231828451156616	0.5	2	0.5	0	0.0	0	1.0	0.0	2.0861629934643133e-07	2.0861629934643133e-07	0.0	-1.0	0.0	1.0	0.0
-1.0000003576278687	1.0	0.9999996423721313	0.17514324188232422	0.9231828451156616	0.5	2	0.5	0	0.0	0	1.0	0.0	2.0861629934643133e-07	2.0861629934643133e-07	0.0	-1.0	0.0	1.0	0.0
-0.9999999403953552	-1.6653296947479248	-1.0	0.04901682958006859	0.633529007434845	0.5	8	0.5	0	0.0	0	-2.6822084464583895e-07	0.0	1.0	1.0	6.984603260207223e-06	2.6822084464583895e-07	-6.984602805459872e-06	1.0	-1.87341591892376e-12
1.0000004768371582	1.0	-0.999999463558197	0.12612640857696533	0.7359027862548828	0.5	2	0.5	0	0.0	0	-2.6822084464583895e-07	0.0	1.0	1.0	6.985235359024955e-06	2.6822084464583895e-07	-6.985234904277604e-06	1.0	-1.8735854881435365e-12
-0.9999999403953552	1.0	-1.0	0.04901682958006859	0.7359033226966858	0.5	2	0.5	0	0.0	0	-2.6822084464583895e-07	0.0	1.0	1.0	6.986670086917002e-06	2.6822084464583895e-07	-6.986670541664353e-06	1.0	-1.8739705967552034e-12
-2.271355628967285	-10.554838180541992	0.9999994039535522	0.5255406498908997	0.2920786440372467	0.5	17	0.5	16	0.0	0	1.0	0.0	2.3841863594498136e-07	2.3841860752327193e-07	0.0	-1.0	0.0	1.0	0.0
-2.271355152130127	-4.33065938949585	-1.000000238418579	0.60265052318573	0.5311412811279297	1.0	16	0.0	0	0.0	0	1.0	0.0	2.3841863594498136e-07	2.3841860752327193e-07	0.0	-1.0	0.0	1.0	0.0
-2.271355628967285	-4.33065938949585	0.9999994039535522	0.5255406498908997	0.5311412811279297	1.0	16	0.0	0	0.0	0	1.0	0.0	2.3841863594498136e-07	2.3841860752327193e-07	0.0	-1.0	0.0	1.0	0.0
-2.271355628967285	-10.554838180541992	0.9999994039535522	0.35028666257858276	0.2486228048801422	0.5	17	0.5	16	0.0	0	-0.14426718652248383	0.0	-0.9895387291908264	-0.9895387291908264	-5.070187762612477e-05	0.14426718652248383	-5.017147850594483e-05	1.0	7.314617960219039e-06
-0.7830106019973755	-5.005950927734375	0.7830100655555725	0.2928856909275055	0.4617511034011841	0.3333333333333333	16	0.3333333333333333	10	0.3333333333333333	9	-0.14426718652248383	0.0	-0.9895387291908264	-0.9895387887954712	-5.070187762612477e-05	0.14426720142364502	-5.017147122998722e-05	1.0	7.314617050724337e-06
-0.7830106019973755	-9.879547119140625	0.7830100655555725	0.2928856909275055	0.27455762028694153	0.3333333333333333	17	0.3333333333333333	16	0.3333333333333333	10	-0.14426718652248383	0.0	-0.9895387291908264	-0.989538848400116	-5.0701884902082384e-05	0.14426720142364502	-5.017147850594483e-05	1.0	7.314617960219039e-06
-2.271355152130127	-18.15932846069336	-1.000000238418579	9.192212324649063e-09	1.1721721193680423e-06	0.5	19	0.5	18	0.0	0	-1.8753105734958808e-07	0.0	1.0	1.0	7.4832746577158105e-06	1.8753105734958808e-07	-7.4832746577158105e-06	1.0	-1.403346406095296e-12
-0.9999999403953552	-17.027751922607422	-1.0	0.04901682958006859	0.0434642918407917	0.3333333333333333	19	0.3333333333333333	18	0.3333333333333333	17	-1.8753105734958808e-07	0.0	1.0	1.0	7.4832746577158105e-06	1.8753105734958808e-07	-7.4832746577158105e-06	1.0	-1.403346406095296e-12
-2.271355152130127	-17.027751922607422	-1.000000238418579	0.0	0.04346465691924095	0.3333333333333333	19	0.3333333333333333	18	0.3333333333333333	17	-1.8753105734958808e-07	0.0	1.0	1.0	7.483273748221109e-06	1.8753105734958808e-07	-7.483273748221109e-06	1.0	-1.4033461892548615e-12
-0.7830103039741516	-5.005950927734375	-0.7830102443695068	0.05735994502902031	0.505196213722229	0.3333333333333333	16	0.3333333333333333	10	0.3333333333333333	9	-0.14426763355731964	0.0	0.9895387291908264	0.9895386695861816	0.0003649699210654944	0.14426761865615845	-0.00036115184775553644	0.9999998807907104	-5.2653340389952064e-05
-2.271355152130127	-10.554838180541992	-1.000000238418579	9.192212324649063e-09	0.2920866906642914	0.5	17	0.5	16	0.0	0	-0.14426763355731964	0.0	0.9895387291908264	0.9895387291908264	0.0003649699210654944	0.14426763355731964	-0.00036115184775553644	0.9999999403953552	-5.265334402793087e-05
-0.7830103039741516	-9.879547119140625	-0.7830102443695068	0.057359952479600906	0.31800326704978943	0.3333333333333333	17	0.3333333333333333	16	0.3333333333333333	10	-0.14426763355731964	0.0	0.9895387291908264	0.9895386695861816	0.0003649699501693249	0.14426761865615845	-0.0003611518768593669	0.9999998807907104	-5.265334402793087e-05
-2.271355628967285	-4.33065938949585	0.9999994039535522	0.9914407730102539	0.15363897383213043	1.0	16	0.0	0	0.0	0	-0.4131796658039093	-0.9106495380401611	-7.863061313173603e-08	-0.9106495976448059	0.4131796956062317	1.8946970214983594e-08	1.5234521200113704e-08	7.943344115801665e-08	-1.0
