1063	380	15
0.2254939079284668	0.41179490089416504	0.41950199007987976	0.36825427412986755	0.11564856022596359	0.5	12	0.5	1	0.0	0	-0.16825829446315765	-0.8408735394477844	0.5144132971763611	0.26148006319999695	-0.5412318110466003	-0.7991847991943359	0.9504300951957703	3.933906555175781e-05	0.31093835830688477
1.8628289699554443	-1.2936592102050781	-1.832726240158081	0.4690895080566406	0.14303287863731384	1.0	1	0.0	0	0.0	0	-0.16825829446315765	-0.8408735394477844	0.5144132971763611	0.26148006319999695	-0.5412318110466003	-0.7991847991943359	0.9504300951957703	3.933906555175781e-05	0.31093835830688477
1.0391072034835815	0.41179490089416504	0.685624897480011	0.36825430393218994	0.14304021000862122	1.0	1	0.0	0	0.0	0	-0.16825829446315765	-0.8408735394477844	0.5144132971763611	0.26148006319999695	-0.5412318110466003	-0.7991848587989807	0.950430154800415	3.933906918973662e-05	0.31093835830688477
1.0391072034835815	2.411795139312744	0.685624897480011	0.33051997423171997	0.14297470450401306	1.0	1	0.0	0	0.0	0	-0.310880184173584	0.0	0.9504490494728088	-0.000972853391431272	-0.9999995231628418	-0.0003182083601132035	0.9504485726356506	-0.0010235722875222564	0.31088003516197205
0.2254939079284668	0.41179490089416504	0.41950199007987976	0.36825427412986755	0.11564856022596359	0.5	12	0.5	1	0.0	0	-0.310880184173584	0.0	0.9504490494728088	-0.0009728533332236111	-0.999999463558197	-0.0003182083601132035	0.9504486322402954	-0.0010235724039375782	0.31088003516197205
1.0391072034835815	0.41179490089416504	0.685624897480011	0.36825430393218994	0.14304021000862122	1.0	1	0.0	0	0.0	0	-0.310880184173584	0.0	0.9504490494728088	-0.0009728532750159502	-0.999999463558197	-0.00031820833100937307	0.9504486322402954	-0.0010235722875222564	0.31088003516197205
0.46888303756713867	-2.2288858890533447	-6.109313011169434	0.708818793296814	0.650066614151001	1.0	14	0.0	0	0.0	0	0.9466912150382996	0.023825284093618393	0.3212602734565735	0.15526199340820312	-0.9075353145599365	-0.39022213220596313	0.28225788474082947	0.4192993938922882	-0.8628548979759216
-0.6282466650009155	-3.1308069229125977	-2.8093981742858887	0.6882096529006958	0.5370147228240967	1.0	14	0.0	0	0.0	0	0.9466912150382996	0.023825284093618393	0.3212602734565735	0.15526199340820312	-0.9075353741645813	-0.3902221918106079	0.28225788474082947	0.4192994236946106	-0.8628549575805664
-0.7243982553482056	-4.0064873695373535	-2.461116075515747	0.7088148593902588	0.5147948265075684	1.0	14	0.0	0	0.0	0	0.9466912150382996	0.023825284093618393	0.3212602734565735	0.15526200830936432	-0.9075353145599365	-0.3902221620082855	0.28225788474082947	0.4192994236946106	-0.8628548979759216
-2.4871037006378174	-1.0000004768371582	-2.9120688438415527	0.0761929601430893	0.12048821151256561	1.0	13	0.0	0	0.0	0	-0.9406813383102417	0.014245190657675266	-0.33899208903312683	0.1301906406879425	-0.9074832797050476	-0.3994051516056061	-0.31331926584243774	-0.41984662413597107	0.8517981171607971
-2.235630512237549	0.9999996423721313	-3.525846481323242	0.026939526200294495	0.07447417825460434	1.0	13	0.0	0	0.0	0	-0.9406813383102417	0.014245190657675266	-0.33899208903312683	0.1301906406879425	-0.9074833393096924	-0.3994051516056061	-0.31331926584243774	-0.4198465645313263	0.8517980575561523
-1.9379665851593018	-1.0000004768371582	-4.43588924407959	0.0980074405670166	0.07355653494596481	1.0	13	0.0	0	0.0	0	-0.9406813383102417	0.014245190657675266	-0.33899208903312683	0.1301906406879425	-0.9074832797050476	-0.3994051516056061	-0.31331926584243774	-0.41984662413597107	0.8517981171607971
-2.857391595840454	0.9999996423721313	-1.6249489784240723	0.3826732933521271	0.0015087630599737167	1.0	13	0.0	0	0.0	0	-0.2583623230457306	-0.5561733245849609	0.7898862361907959	0.17248879373073578	-0.8310662508010864	-0.528749942779541	0.9505243897438049	-0.0003625452518463135	0.3106498718261719
-0.8610117435455322	-1.0000004768371582	-2.3801937103271484	0.4550900161266327	0.05474510416388512	0.5	13	0.5	12	0.0	0	-0.2583623230457306	-0.5561733245849609	0.7898862361907959	0.17248880863189697	-0.8310663104057312	-0.528749942779541	0.9505243301391602	-0.00036253035068511963	0.3106498718261719
-1.231299638748169	0.9999998211860657	-1.0930736064910889	0.3826732933521271	0.056253861635923386	0.5	13	0.5	12	0.0	0	-0.2583623230457306	-0.5561733245849609	0.7898862361907959	0.17248879373073578	-0.831066370010376	-0.528749942779541	0.9505243897438049	-0.00036254528095014393	0.3106498420238495
-2.235630512237549	0.9999996423721313	-3.525846481323242	0.6812853813171387	0.16728158295154572	1.0	13	0.0	0	0.0	0	-9.933764744118889e-08	1.0	-3.249216717904346e-08	-0.3108800947666168	5.3290705182007514e-14	0.9504491090774536	0.9504491090774536	1.0451654475218675e-07	0.3108800947666168
-1.231299638748169	0.9999998211860657	-1.0930736064910889	0.7394689917564392	0.22202670574188232	0.5	13	0.5	12	0.0	0	-9.933764744118889e-08	1.0	-3.249216717904346e-08	-0.3108801245689392	4.973799827947059e-14	0.9504491686820984	0.9504491686820984	1.045165518576141e-07	0.3108801245689392
-0.6095385551452637	0.9999998211860657	-2.993971347808838	0.6812854409217834	0.2220267355442047	0.5	13	0.5	12	0.0	0	-9.933764744118889e-08	1.0	-3.249216717904346e-08	-0.3108800947666168	5.3290705182007514e-14	0.9504491090774536	0.9504491090774536	1.0451654475218675e-07	0.3108800947666168
-1.9379665851593018	-1.0000004768371582	-4.43588924407959	0.5641676187515259	0.28297752141952515	1.0	13	0.0	0	0.0	0	0.28040260076522827	0.431810200214386	-0.8572714924812317	0.13423606753349304	-0.9019644856452942	-0.41041529178619385	-0.9504499435424805	4.76837158203125e-06	-0.3108776807785034
-0.6095385551452637	0.9999998211860657	-2.993971347808838	0.49410051107406616	0.22823278605937958	0.5	13	0.5	12	0.0	0	0.28040260076522827	0.431810200214386	-0.8572714924812317	0.13423605263233185	-0.9019644856452942	-0.41041529178619385	-0.9504499435424805	4.783272288477747e-06	-0.3108776807785034
-0.3118743896484375	-1.000000238418579	-3.904015064239502	0.5641676187515259	0.22823239862918854	0.5	13	0.5	12	0.0	0	0.28040260076522827	0.431810200214386	-0.8572714924812317	0.13423606753349304	-0.901964545249939	-0.41041532158851624	-0.9504498839378357	4.775821707880823e-06	-0.3108776807785034
0.5650348663330078	-1.3532052040100098	-6.4575958251953125	0.7647507190704346	0.28612977266311646	1.0	14	0.0	0	0.0	0	0.28742465376853943	-0.3810581564903259	-0.8787387013435364	0.9503441452980042	-0.000816350628156215	0.31119993329048157	-0.11930263042449951	-0.9245507121086121	0.36190176010131836
-1.1572096347808838	-2.228886365890503	-6.641188621520996	0.7104673981666565	0.30831417441368103	1.0	14	0.0	0	0.0	0	0.28742465376853943	-0.3810581564903259	-0.8787387013435364	0.9503441452980042	-0.000816362036857754	0.31119993329048157	-0.1193026453256607	-0.9245507121086121	0.36190176010131836
-1.0610578060150146	-1.353205919265747	-6.989470481872559	0.7099118232727051	0.28616511821746826	1.0	14	0.0	0	0.0	0	0.28742465376853943	-0.3810581564903259	-0.8787387013435364	0.9503442049026489	-0.0008163621532730758	0.31119993329048157	-0.1193026453256607	-0.9245507717132568	0.36190176010131836
-2.2543387413024902	-3.130807399749756	-3.341273784637451	0.14464974403381348	0.13527333736419678	1.0	14	0.0	0	0.0	0	-0.9466912150382996	-0.023825224488973618	-0.32126012444496155	0.1557677984237671	-0.9067819118499756	-0.3917688727378845	-0.28197890520095825	-0.42092618346214294	0.8621537685394287
-1.1572096347808838	-2.228886365890503	-6.641188621520996	0.16526010632514954	0.022257044911384583	1.0	14	0.0	0	0.0	0	-0.9466912150382996	-0.023825224488973618	-0.32126012444496155	0.15576781332492828	-0.9067819714546204	-0.3917689025402069	-0.28197887539863586	-0.42092618346214294	0.8621537685394287
-2.3504905700683594	-4.006487846374512	-2.9929909706115723	0.16526009142398834	0.15753039717674255	1.0	14	0.0	0	0.0	0	-0.9466912150382996	-0.023825224488973618	-0.32126012444496155	0.1557677984237671	-0.9067819714546204	-0.3917688727378845	-0.28197890520095825	-0.42092615365982056	0.8621537685394287
0.22549355030059814	2.411795139312744	0.4195012152194977	0.6100204586982727	0.835828423500061	0.5	12	0.5	1	0.0	0	-0.9594487547874451	0.0336369089782238	-0.2798692584037781	0.14861102402210236	0.904025137424469	-0.40081584453582764	0.2395266443490982	-0.42615392804145813	-0.8723645806312561
1.0165539979934692	1.0	-2.4620957374572754	0.6100204586982727	0.9415490031242371	1.0	2	0.0	0	0.0	0	-0.9594487547874451	0.0336369089782238	-0.2798692584037781	0.14861102402210236	0.904025137424469	-0.40081584453582764	0.2395266443490982	-0.42615392804145813	-0.8723645806312561
0.9132711291313171	0.7063409090042114	-2.143315315246582	0.5969309210777283	0.9358649849891663	0.3333333333333333	12	0.3333333333333333	2	0.3333333333333333	1	-0.9594487547874451	0.0336369089782238	-0.2798692584037781	0.14861103892326355	0.9040251970291138	-0.4008159041404724	0.2395266443490982	-0.42615392804145813	-0.8723645210266113
1.3452423810958862	1.0	-0.2503172755241394	0.9580596089363098	0.24974164366722107	1.0	2	0.0	0	0.0	0	0.2549818754196167	0.5720891952514648	-0.7795500755310059	0.17785096168518066	-0.820191502571106	-0.5437417030334473	-0.9504489898681641	5.513430210157821e-07	-0.31088054180145264
0.22549355030059814	2.411795139312744	0.4195012152194977	0.9028873443603516	0.27713334560394287	0.5	12	0.5	1	0.0	0	0.2549818754196167	0.5720891952514648	-0.7795500755310059	0.17785094678401947	-0.8201913833618164	-0.5437417030334473	-0.9504489898681641	5.662441253662109e-07	-0.31088054180145264
1.0391072034835815	2.411795139312744	0.685624897480011	0.9028873443603516	0.24974165856838226	1.0	1	0.0	0	0.0	0	0.2549818754196167	0.5720891952514648	-0.7795500755310059	0.17785094678401947	-0.8201914429664612	-0.5437417030334473	-0.9504490494728088	5.662441822096298e-07	-0.31088054180145264
-1.1572096347808838	-2.228886365890503	-6.641188621520996	0.7104673981666565	0.30831417441368103	1.0	14	0.0	0	0.0	0	0.13064269721508026	-0.9074158072471619	-0.3994109630584717	0.9502666592597961	-0.00027116661658510566	0.3114372491836548	-0.282711386680603	-0.42023390531539917	0.8622515797615051
-0.7243982553482056	-4.0064873695373535	-2.461116075515747	0.7653937339782715	0.44363147020339966	1.0	14	0.0	0	0.0	0	0.13064269721508026	-0.9074158072471619	-0.3994109630584717	0.9502667188644409	-0.0002711598644964397	0.3114372491836548	-0.28271135687828064	-0.4202338755130768	0.8622515201568604
-2.3504905700683594	-4.006487846374512	-2.9929909706115723	0.710554838180542	0.44366681575775146	1.0	14	0.0	0	0.0	0	0.13064269721508026	-0.9074158072471619	-0.3994109630584717	0.9502667784690857	-0.00027115311240777373	0.3114372491836548	-0.28271135687828064	-0.42023390531539917	0.8622515797615051
0.3947927951812744	3.1484198570251465	-0.5611981153488159	0.6021447777748108	0.21301455795764923	0.3333333333333333	8	0.3333333333333333	3	0.3333333333333333	2	-0.9504490494728088	0.0	-0.3108806610107422	0.3108806312084198	0.0	-0.9504489898681641	0.0	-1.0	0.0
1.0165539979934692	1.0	-2.4620957374572754	0.6662607192993164	0.28174909949302673	1.0	2	0.0	0	0.0	0	-0.9504490494728088	0.0	-0.3108806610107422	0.3108806312084198	0.0	-0.9504489898681641	0.0	-1.0	0.0
0.3947927951812744	1.0	-0.5611981153488159	0.6021822690963745	0.28174909949302673	1.0	2	0.0	0	0.0	0	-0.9504490494728088	0.0	-0.3108806610107422	0.3108806610107422	0.0	-0.9504490494728088	0.0	-1.0	0.0
1.3452423810958862	3.1484198570251465	-0.2503172755241394	0.563866913318634	0.8857758045196533	0.5	3	0.5	2	0.0	0	-0.3108806610107422	0.0	0.9504489898681641	-0.9504489898681641	0.0	-0.3108806312084198	0.0	-1.0	0.0
0.3947927951812744	1.0	-0.5611981153488159	0.5958496928215027	0.9262410998344421	1.0	2	0.0	0	0.0	0	-0.3108806610107422	0.0	0.9504489898681641	-0.9504489898681641	0.0	-0.3108806312084198	0.0	-1.0	0.0
1.3452423810958862	1.0	-0.2503172755241394	0.5637964010238647	0.9262410998344421	1.0	2	0.0	0	0.0	0	-0.3108806610107422	0.0	0.9504489898681641	-0.9504490494728088	0.0	-0.3108806610107422	0.0	-1.0	0.0
-0.8610117435455322	-1.0000004768371582	-2.3801937103271484	0.4550900161266327	0.05474510416388512	0.5	13	0.5	12	0.0	0	-0.2060808390378952	-0.8392490148544312	0.5031817555427551	0.26117557287216187	-0.542739748954773	-0.798261284828186	0.943036675453186	-0.03308757022023201	0.33103957772254944
0.913270890712738	-1.2936592102050781	-2.143315315246582	0.469089537858963	0.11106441915035248	0.5	12	0.5	1	0.0	0	-0.2060808390378952	-0.8392490148544312	0.5031817555427551	0.2611755430698395	-0.5427396893501282	-0.7982611656188965	0.9430366158485413	-0.03308757767081261	0.33103957772254944
0.2254939079284668	0.41179490089416504	0.41950199007987976	0.36825427412986755	0.11564856022596359	0.5	12	0.5	1	0.0	0	-0.2060808390378952	-0.8392490148544312	0.5031817555427551	0.2611755430698395	-0.5427396893501282	-0.7982612252235413	0.9430365562438965	-0.03308757767081261	0.33103951811790466
-0.3118743896484375	-1.000000238418579	-3.904015064239502	0.5641676187515259	0.22823239862918854	0.5	13	0.5	12	0.0	0	0.8208373188972473	-9.785143362250892e-08	-0.5711621046066284	-1.3626959116663784e-05	-1.0	-1.941246591741219e-05	-0.5711621046066284	2.371767914155498e-05	-0.8208373188972473
0.9132711291313171	0.7063409090042114	-2.143315315246582	0.4955907464027405	0.17345716059207916	0.3333333333333333	12	0.3333333333333333	2	0.3333333333333333	1	0.8208373188972473	-9.785143362250892e-08	-0.5711621046066284	-1.3626960935653187e-05	-1.0	-1.9412467736401595e-05	-0.5711621046066284	2.371768277953379e-05	-0.8208373785018921
0.913270890712738	-1.2936592102050781	-2.143315315246582	0.5479491949081421	0.17345595359802246	0.5	12	0.5	1	0.0	0	0.8208373188972473	-9.785143362250892e-08	-0.5711621046066284	-1.3626959116663784e-05	-1.0	-1.941246591741219e-05	-0.5711621046066284	2.371767914155498e-05	-0.8208373188972473
0.9132711291313171	0.7063409090042114	-2.143315315246582	0.9587674140930176	0.9783363342285156	0.3333333333333333	12	0.3333333333333333	2	0.3333333333333333	1	-0.17355364561080933	0.7977619171142578	-0.5774556398391724	0.9818103909492493	0.18599730730056763	-0.03812449052929878	0.07699092477560043	-0.57356858253479	-0.8155314326286316
-1.231299638748169	0.9999998211860657	-1.0930736064910889	0.9020833373069763	0.9426469802856445	0.5	13	0.5	12	0.0	0	-0.17355364561080933	0.7977619171142578	-0.5774556398391724	0.9818103313446045	0.18599729239940643	-0.03812447935342789	0.07699093222618103	-0.57356858253479	-0.8155313730239868
0.22549355030059814	2.411795139312744	0.4195012152194977	0.9587673544883728	0.8847321271896362	0.5	12	0.5	1	0.0	0	-0.17355364561080933	0.7977619171142578	-0.5774556398391724	0.9818103313446045	0.18599730730056763	-0.03812447190284729	0.07699093967676163	-0.57356858253479	-0.8155313730239868
-1.231299638748169	0.9999998211860657	-1.0930736064910889	0.3826732933521271	0.056253861635923386	0.5	13	0.5	12	0.0	0	-0.7202633023262024	1.39967525569773e-07	0.6937007904052734	-0.0008035829523578286	-0.9999994039535522	-0.0008341511711478233	0.6937003135681152	-0.0011582544539123774	0.7202627658843994
0.2254939079284668	0.41179490089416504	0.41950199007987976	0.36825427412986755	0.11564856022596359	0.5	12	0.5	1	0.0	0	-0.7202633023262024	1.39967525569773e-07	0.6937007904052734	-0.0008035827777348459	-0.9999992847442627	-0.0008341510547325015	0.6937003135681152	-0.0011582544539123774	0.7202628254890442
0.22549355030059814	2.411795139312744	0.4195012152194977	0.33052000403404236	0.11558303982019424	0.5	12	0.5	1	0.0	0	-0.7202633023262024	1.39967525569773e-07	0.6937007904052734	-0.0008035829523578286	-0.9999994039535522	-0.0008341512293554842	0.6937003135681152	-0.0011582544539123774	0.7202627658843994
0.5650348663330078	-1.3532052040100098	-6.4575958251953125	0.8820440173149109	0.6286868453025818	1.0	14	0.0	0	0.0	0	-0.13064289093017578	0.9074158072471619	0.3994109630584717	0.9504489302635193	2.522350541767082e-07	0.31088072061538696	0.2820979952812195	0.4202340841293335	-0.8624524474143982
-2.2543387413024902	-3.130807399749756	-3.341273784637451	0.8272051215171814	0.4933324456214905	1.0	14	0.0	0	0.0	0	-0.13064289093017578	0.9074158072471619	0.3994109630584717	0.9504489302635193	2.522350541767082e-07	0.31088072061538696	0.2820979952812195	0.4202340841293335	-0.8624524474143982
-0.6282466650009155	-3.1308069229125977	-2.8093981742858887	0.8820440173149109	0.4933324456214905	1.0	14	0.0	0	0.0	0	-0.13064289093017578	0.9074158072471619	0.3994109630584717	0.9504489302635193	2.589958114640467e-07	0.3108806908130646	0.2820979654788971	0.4202340543270111	-0.8624524474143982
-3.4994499683380127	-5.638090133666992	0.338010311126709	0.16525240242481232	0.28163084387779236	1.0	14	0.0	0	0.0	0	-0.9504492282867432	-1.9679969653907392e-08	-0.31087976694107056	0.13060104846954346	-0.9074772000312805	-0.39928504824638367	-0.2821162939071655	-0.4201014041900635	0.8625109791755676
-3.476531982421875	-5.135282039642334	0.2679433822631836	0.1516210287809372	0.27273645997047424	1.0	14	0.0	0	0.0	0	-0.9504492282867432	-1.9679969653907392e-08	-0.31087976694107056	0.13060103356838226	-0.9074772000312805	-0.3992850184440613	-0.2821162939071655	-0.4201013743877411	0.8625109791755676
-3.4209728240966797	-5.52118444442749	0.0980830192565918	0.16525238752365112	0.27273446321487427	1.0	14	0.0	0	0.0	0	-0.9504492282867432	-1.9679969653907392e-08	-0.31087976694107056	0.13060104846954346	-0.9074772596359253	-0.39928507804870605	-0.2821163237094879	-0.42010143399238586	0.8625110387802124
-3.476531982421875	-5.135282039642334	0.2679433822631836	0.8302544951438904	0.12449615448713303	1.0	14	0.0	0	0.0	0	-0.16398844122886658	0.8495573997497559	0.5013580322265625	-0.9542381167411804	-0.007774265483021736	-0.29894670844078064	-0.25007471442222595	-0.5274388194084167	0.8119550347328186
-0.8610117435455322	-3.067640781402588	-2.3801937103271484	0.775142252445221	0.0008007718133740127	0.5	14	0.5	13	0.0	0	-0.16398844122886658	0.8495573997497559	0.5013580322265625	-0.95423823595047	-0.007774278987199068	-0.29894670844078064	-0.25007471442222595	-0.5274388194084167	0.8119550347328186
-2.4871037006378174	-3.067641258239746	-2.9120688438415527	0.8299753069877625	0.0	0.5	14	0.5	13	0.0	0	-0.16398844122886658	0.8495573997497559	0.5013580322265625	-0.9542381763458252	-0.007774265483021736	-0.298946738243103	-0.25007471442222595	-0.5274388194084167	0.8119549751281738
-2.2543387413024902	-3.130807399749756	-3.341273784637451	0.14464974403381348	0.13527333736419678	1.0	14	0.0	0	0.0	0	-0.8713039755821228	-0.2157583385705948	-0.4407694339752197	0.37447506189346313	-0.8728067874908447	-0.3130123019218445	-0.31717154383659363	-0.4377860426902771	0.8412761688232422
-2.4871037006378174	-3.067641258239746	-2.9120688438415527	0.13633111119270325	0.1482660323381424	0.5	14	0.5	13	0.0	0	-0.8713039755821228	-0.2157583385705948	-0.4407694339752197	0.37447506189346313	-0.8728067874908447	-0.31301233172416687	-0.31717154383659363	-0.4377860426902771	0.8412761688232422
-1.4892446994781494	-1.5529444217681885	-5.626066207885742	0.1312137395143509	0.044171255081892014	0.5	14	0.5	13	0.0	0	-0.8713039755821228	-0.2157583385705948	-0.4407694339752197	0.3744750916957855	-0.8728068470954895	-0.31301233172416687	-0.317171573638916	-0.4377860426902771	0.8412761688232422
-0.6282466650009155	-3.1308069229125977	-2.8093981742858887	0.9368829727172852	0.5375775694847107	1.0	14	0.0	0	0.0	0	0.1703156977891922	-0.836577296257019	-0.5207023024559021	-0.9488719701766968	0.0032857698388397694	-0.3156440854072571	0.2657715976238251	0.5478389859199524	-0.7932451367378235
-1.4892446994781494	-1.5529444217681885	-5.626066207885742	0.9917209148406982	0.628362238407135	0.5	14	0.5	13	0.0	0	0.1703156977891922	-0.836577296257019	-0.5207023024559021	-0.9488719701766968	0.0032857826445251703	-0.3156440556049347	0.2657715678215027	0.5478389859199524	-0.7932451367378235
0.13684773445129395	-1.5529441833496094	-5.09419059753418	0.9368829131126404	0.6286868453025818	1.0	13	0.0	0	0.0	0	0.1703156977891922	-0.836577296257019	-0.5207023024559021	-0.9488720297813416	0.0032857703045010567	-0.3156440854072571	0.2657715976238251	0.5478389859199524	-0.7932451367378235
-0.8610117435455322	-3.067640781402588	-2.3801937103271484	0.6799139380455017	0.5238271355628967	0.5	14	0.5	13	0.0	0	0.8713036179542542	0.2157590240240097	0.44076988101005554	0.3687228262424469	-0.8805235028266907	-0.29786208271980286	0.32384181022644043	0.42205023765563965	-0.8467586040496826
-0.6282466650009155	-3.1308069229125977	-2.8093981742858887	0.6882096529006958	0.5370147228240967	1.0	14	0.0	0	0.0	0	0.8713036179542542	0.2157590240240097	0.44076988101005554	0.3687228262424469	-0.8805235028266907	-0.29786208271980286	0.32384181022644043	0.42205023765563965	-0.8467586040496826
0.13684773445129395	-1.5529441833496094	-5.09419059753418	0.674771785736084	0.6281538009643555	1.0	13	0.0	0	0.0	0	0.8713036179542542	0.2157590240240097	0.44076988101005554	0.3687228262424469	-0.8805235028266907	-0.29786208271980286	0.32384181022644043	0.42205023765563965	-0.8467586040496826
-0.8610117435455322	-3.067640781402588	-2.3801937103271484	0.6799139380455017	0.5238271355628967	0.5	14	0.5	13	0.0	0	0.9407768845558167	0.0	0.33902645111083984	0.14235341548919678	-0.9075756072998047	-0.3950216770172119	0.30769211053848267	0.41988879442214966	-0.8538260459899902
-0.3118743896484375	-1.000000238418579	-3.904015064239502	0.6415796279907227	0.5986443161964417	0.5	13	0.5	12	0.0	0	0.9407768845558167	0.0	0.33902645111083984	0.14235340058803558	-0.9075755476951599	-0.39502161741256714	0.30769214034080505	0.41988879442214966	-0.853826105594635
-0.8610117435455322	-1.0000004768371582	-2.3801937103271484	0.6197765469551086	0.5516066551208496	0.5	13	0.5	12	0.0	0	0.9407768845558167	0.0	0.33902645111083984	0.14235340058803558	-0.9075756669044495	-0.3950216770172119	0.30769211053848267	0.41988876461982727	-0.853826105594635
-0.3118743896484375	-1.000000238418579	-3.904015064239502	0.5641676187515259	0.22823239862918854	0.5	13	0.5	12	0.0	0	0.1240435540676117	0.9169473052024841	-0.37923726439476013	0.2850768566131592	-0.3990083932876587	-0.8715065121650696	-0.9504444003105164	-7.0035466706031e-06	-0.3108948767185211
-1.4892446994781494	-1.5529444217681885	-5.626066207885742	0.602144718170166	0.2811708450317383	0.5	14	0.5	13	0.0	0	0.1240435540676117	0.9169473052024841	-0.37923726439476013	0.2850768566131592	-0.3990083932876587	-0.8715065121650696	-0.9504444003105164	-7.0035466706031e-06	-0.3108948767185211
-1.9379665851593018	-1.0000004768371582	-4.43588924407959	0.5641676187515259	0.28297752141952515	1.0	13	0.0	0	0.0	0	0.1240435540676117	0.9169473052024841	-0.37923726439476013	0.2850768268108368	-0.3990083634853363	-0.8715064525604248	-0.9504443407058716	-6.996095180511475e-06	-0.31089484691619873
-1.9379665851593018	-1.0000004768371582	-4.43588924407959	0.0980074405670166	0.07355653494596481	1.0	13	0.0	0	0.0	0	-0.9407768249511719	0.0	-0.33902648091316223	0.14261075854301453	-0.9072239398956299	-0.3957357108592987	-0.30757299065589905	-0.42064785957336426	0.8534953594207764
-2.4871037006378174	-3.067641258239746	-2.9120688438415527	0.13633111119270325	0.1482660323381424	0.5	14	0.5	13	0.0	0	-0.9407768249511719	0.0	-0.33902648091316223	0.14261077344417572	-0.9072239995002747	-0.3957357704639435	-0.30757296085357666	-0.42064785957336426	0.8534952998161316
-2.4871037006378174	-1.0000004768371582	-2.9120688438415527	0.0761929601430893	0.12048821151256561	1.0	13	0.0	0	0.0	0	-0.9407768249511719	0.0	-0.33902648091316223	0.14261077344417572	-0.9072240591049194	-0.39573580026626587	-0.30757296085357666	-0.42064788937568665	0.8534953594207764
-2.4871037006378174	-1.0000004768371582	-2.9120688438415527	0.4550900161266327	0.0	1.0	13	0.0	0	0.0	0	-0.3108804523944855	0.0	0.9504490494728088	-0.0009729772573336959	-0.999999463558197	-0.00031824916368350387	0.9504485130310059	-0.0010237027890980244	0.31088027358055115
-0.8610117435455322	-3.067640781402588	-2.3801937103271484	0.49410051107406616	0.05481283366680145	0.5	14	0.5	13	0.0	0	-0.3108804523944855	0.0	0.9504490494728088	-0.0009729773155413568	-0.9999995231628418	-0.0003182491927873343	0.9504485726356506	-0.0010237027890980244	0.31088030338287354
-0.8610117435455322	-1.0000004768371582	-2.3801937103271484	0.4550900161266327	0.05474510416388512	0.5	13	0.5	12	0.0	0	-0.3108804523944855	0.0	0.9504490494728088	-0.0009729771409183741	-0.999999463558197	-0.0003182491345796734	0.9504485130310059	-0.0010237026726827025	0.31088027358055115
-1.7948803901672363	-5.521183967590332	0.6299581527709961	0.7636577486991882	0.5589668154716492	1.0	14	0.0	0	0.0	0	0.13064271211624146	-0.9074158072471619	-0.39941099286079407	0.9502667188644409	-0.00027107272762805223	0.31143710017204285	-0.2827112078666687	-0.42023396492004395	0.8622516393661499
-2.3504905700683594	-4.006487846374512	-2.9929909706115723	0.710554838180542	0.44366681575775146	1.0	14	0.0	0	0.0	0	0.13064271211624146	-0.9074158072471619	-0.39941099286079407	0.9502667784690857	-0.0002710727567318827	0.31143712997436523	-0.2827112078666687	-0.42023393511772156	0.8622515797615051
-0.7243982553482056	-4.0064873695373535	-2.461116075515747	0.7653937339782715	0.44363147020339966	1.0	14	0.0	0	0.0	0	0.13064271211624146	-0.9074158072471619	-0.39941099286079407	0.9502667784690857	-0.00027108629001304507	0.31143712997436523	-0.2827112376689911	-0.42023396492004395	0.8622516393661499
-2.3504905700683594	-4.006487846374512	-2.9929909706115723	0.16526009142398834	0.15753039717674255	1.0	14	0.0	0	0.0	0	-0.9415472745895386	-0.030068036168813705	-0.3355363607406616	0.16729174554347992	-0.9062528610229492	-0.3882257044315338	-0.2924076020717621	-0.4216653108596802	0.8583100438117981
-3.476531982421875	-5.135282039642334	0.2679433822631836	0.1516210287809372	0.27273645997047424	1.0	14	0.0	0	0.0	0	-0.9415472745895386	-0.030068036168813705	-0.3355363607406616	0.16729174554347992	-0.906252920627594	-0.3882257044315338	-0.2924076318740845	-0.4216653108596802	0.8583101034164429
-2.2543387413024902	-3.130807399749756	-3.341273784637451	0.14464974403381348	0.13527333736419678	1.0	14	0.0	0	0.0	0	-0.9415472745895386	-0.030068036168813705	-0.3355363607406616	0.16729173064231873	-0.9062528610229492	-0.3882256746292114	-0.2924076020717621	-0.4216652810573578	0.8583100438117981
-1.8504400253295898	-5.135281562805176	0.7998183965682983	0.6951874494552612	0.39946478605270386	1.0	14	0.0	0	0.0	0	0.9415472149848938	0.03006811998784542	0.3355364203453064	0.16652163863182068	-0.9073596000671387	-0.3859652578830719	0.2928469181060791	0.4192785918712616	-0.8593288660049438
-0.7243982553482056	-4.0064873695373535	-2.461116075515747	0.7088148593902588	0.5147948265075684	1.0	14	0.0	0	0.0	0	0.9415472149848938	0.03006811998784542	0.3355364203453064	0.16652165353298187	-0.9073595404624939	-0.3859652876853943	0.2928469181060791	0.419278621673584	-0.8593288064002991
-0.6282466650009155	-3.1308069229125977	-2.8093981742858887	0.6882096529006958	0.5370147228240967	1.0	14	0.0	0	0.0	0	0.9415472149848938	0.03006811998784542	0.3355364203453064	0.16652163863182068	-0.9073595404624939	-0.3859652578830719	0.2928469181060791	0.4192785918712616	-0.8593288064002991
-1.8733580112457275	-5.638089656829834	0.8698852062225342	0.7636635303497314	0.5678684115409851	1.0	14	0.0	0	0.0	0	0.13064280152320862	-0.9074157476425171	-0.3994111120700836	0.9502670168876648	-0.0002705683000385761	0.31143614649772644	-0.28271013498306274	-0.4202340841293335	0.8622519373893738
-3.4209728240966797	-5.52118444442749	0.0980830192565918	0.7088188529014587	0.5590021014213562	1.0	14	0.0	0	0.0	0	0.13064280152320862	-0.9074157476425171	-0.3994111120700836	0.9502670764923096	-0.0002705683000385761	0.31143617630004883	-0.28271013498306274	-0.4202340841293335	0.8622518181800842
-1.7948803901672363	-5.521183967590332	0.6299581527709961	0.7636577486991882	0.5589668154716492	1.0	14	0.0	0	0.0	0	0.13064280152320862	-0.9074157476425171	-0.3994111120700836	0.9502670764923096	-0.000270575110334903	0.31143617630004883	-0.28271013498306274	-0.4202340841293335	0.862251877784729
-1.8504400253295898	-5.135281562805176	0.7998183965682983	0.6951874494552612	0.39946478605270386	1.0	14	0.0	0	0.0	0	0.9504485726356506	2.6764763561004656e-07	0.3108818531036377	0.13061141967773438	-0.9074633717536926	-0.3993130922317505	0.2821137607097626	0.42013126611709595	-0.8624973297119141
-1.8733580112457275	-5.638089656829834	0.8698852062225342	0.7088186144828796	0.3905700445175171	1.0	14	0.0	0	0.0	0	0.9504485726356506	2.6764763561004656e-07	0.3108818531036377	0.13061141967773438	-0.9074633717536926	-0.3993130922317505	0.2821137607097626	0.42013126611709595	-0.8624973297119141
-1.7948803901672363	-5.521183967590332	0.6299581527709961	0.7088188529014587	0.399466335773468	1.0	14	0.0	0	0.0	0	0.9504485726356506	2.6764763561004656e-07	0.3108818531036377	0.13061141967773438	-0.9074633121490479	-0.3993130922317505	0.2821137607097626	0.42013126611709595	-0.8624972701072693
-4.041656494140625	-5.8421149253845215	2.1625454425811768	0.8295721411705017	0.19140756130218506	1.0	14	0.0	0	0.0	0	-0.1046883761882782	0.9415950179100037	0.320061057806015	-0.954645574092865	-0.004945897962898016	-0.29770341515541077	-0.27873310446739197	-0.33671098947525024	0.8994073867797852
-1.8504400253295898	-5.135281562805176	0.7998183965682983	0.7754214406013489	0.1252969205379486	1.0	14	0.0	0	0.0	0	-0.1046883761882782	0.9415950179100037	0.320061057806015	-0.9546456336975098	-0.0049458774738013744	-0.29770347476005554	-0.27873313426971436	-0.33671098947525024	0.8994073867797852
-3.476531982421875	-5.135282039642334	0.2679433822631836	0.8302544951438904	0.12449615448713303	1.0	14	0.0	0	0.0	0	-0.1046883761882782	0.9415950179100037	0.320061057806015	-0.9546456336975098	-0.004945884458720684	-0.29770347476005554	-0.27873313426971436	-0.33671098947525024	0.8994073271751404
-4.452216148376465	-6.453716278076172	3.4177424907684326	0.7105548977851868	0.6725614070892334	1.0	14	0.0	0	0.0	0	0.03314591944217682	-0.9943000078201294	-0.10133534669876099	0.9502386450767517	-7.215300138341263e-05	0.31152284145355225	-0.30975446105003357	-0.1066184788942337	0.9448199272155762
-2.2839179039001465	-6.249691009521484	2.1250829696655273	0.7636935710906982	0.6144378185272217	1.0	14	0.0	0	0.0	0	0.03314591944217682	-0.9943000078201294	-0.10133534669876099	0.9502386450767517	-7.215300138341263e-05	0.31152284145355225	-0.30975446105003357	-0.1066184788942337	0.9448199272155762
-2.826125144958496	-6.453715801239014	3.949618101119995	0.7653937935829163	0.6725261211395264	1.0	14	0.0	0	0.0	0	0.03314591944217682	-0.9943000078201294	-0.10133534669876099	0.9502387046813965	-7.215300865937024e-05	0.31152287125587463	-0.30975449085235596	-0.1066184788942337	0.944819986820221
-3.9100093841552734	-6.249691486358643	1.5932073593139648	0.16525238752365112	0.3281729221343994	1.0	14	0.0	0	0.0	0	-0.9580701589584351	0.07633394747972488	-0.276178777217865	0.04936237633228302	-0.9054803252220154	-0.4215078055858612	-0.2822498083114624	-0.4174668788909912	0.8637456297874451
-4.041656494140625	-5.8421149253845215	2.1625454425811768	0.14556477963924408	0.33964622020721436	1.0	14	0.0	0	0.0	0	-0.9580701589584351	0.07633394747972488	-0.276178777217865	0.04936237633228302	-0.9054803848266602	-0.4215078055858612	-0.2822498381137848	-0.4174668788909912	0.8637456893920898
-3.4994499683380127	-5.638090133666992	0.338010311126709	0.16525240242481232	0.28163084387779236	1.0	14	0.0	0	0.0	0	-0.9580701589584351	0.07633394747972488	-0.276178777217865	0.04936237633228302	-0.9054803848266602	-0.4215078055858612	-0.2822498381137848	-0.4174668788909912	0.8637456893920898
-1.8733580112457275	-5.638089656829834	0.8698852062225342	0.7636635303497314	0.5678684115409851	1.0	14	0.0	0	0.0	0	0.1306428760290146	-0.9074156284332275	-0.3994113802909851	0.9502670764923096	-0.0002705915831029415	0.3114362061023712	-0.28271010518074036	-0.420234352350235	0.8622517585754395
-3.9100093841552734	-6.249691486358643	1.5932073593139648	0.7088547348976135	0.6144731044769287	1.0	14	0.0	0	0.0	0	0.1306428760290146	-0.9074156284332275	-0.3994113802909851	0.9502670764923096	-0.0002705848019104451	0.3114362061023712	-0.28271010518074036	-0.4202343225479126	0.8622517585754395
-3.4994499683380127	-5.638090133666992	0.338010311126709	0.708824634552002	0.5679036974906921	1.0	14	0.0	0	0.0	0	0.1306428760290146	-0.9074156284332275	-0.3994113802909851	0.9502670764923096	-0.00027057804982177913	0.31143617630004883	-0.28271007537841797	-0.420234352350235	0.8622517585754395
-2.415565013885498	-5.842114448547363	2.694420576095581	0.6891155242919922	0.3326713740825653	1.0	14	0.0	0	0.0	0	0.9580700993537903	-0.0763339102268219	0.2761789560317993	0.051023297011852264	-0.9030068516731262	-0.42658552527427673	0.28195446729660034	0.42279043793678284	-0.8612491488456726
-2.2839179039001465	-6.249691009521484	2.1250829696655273	0.7088172435760498	0.34402844309806824	1.0	14	0.0	0	0.0	0	0.9580700993537903	-0.0763339102268219	0.2761789560317993	0.05102330073714256	-0.903006911277771	-0.4265855550765991	0.28195446729660034	0.42279040813446045	-0.8612490892410278
-1.8733580112457275	-5.638089656829834	0.8698852062225342	0.7088186144828796	0.3905700445175171	1.0	14	0.0	0	0.0	0	0.9580700993537903	-0.0763339102268219	0.2761789560317993	0.051023297011852264	-0.9030068516731262	-0.42658552527427673	0.28195446729660034	0.42279043793678284	-0.8612491488456726
-4.041656494140625	-5.8421149253845215	2.1625454425811768	0.8295721411705017	0.19140756130218506	1.0	14	0.0	0	0.0	0	-0.13064289093017578	0.9074156880378723	0.399411141872406	-0.9544737339019775	-0.006147170439362526	-0.29823192954063416	-0.26816508173942566	-0.4201892912387848	0.8669074177742004
-2.826125144958496	-6.453715801239014	3.949618101119995	0.7754215002059937	0.23877334594726562	1.0	14	0.0	0	0.0	0	-0.13064289093017578	0.9074156880378723	0.399411141872406	-0.954473614692688	-0.006147182080894709	-0.29823189973831177	-0.26816505193710327	-0.4201892614364624	0.8669074177742004
-2.415565013885498	-5.842114448547363	2.694420576095581	0.7747390866279602	0.19220833480358124	1.0	14	0.0	0	0.0	0	-0.13064289093017578	0.9074156880378723	0.399411141872406	-0.9544736742973328	-0.0061471774242818356	-0.29823192954063416	-0.26816505193710327	-0.4201892614364624	0.8669074177742004
2.1839170455932617	5.2916340827941895	-2.8143839836120605	0.3917219042778015	0.3896412253379822	1.0	3	0.0	0	0.0	0	0.11897587776184082	0.923870325088501	-0.3637421429157257	0.28636085987091064	-0.3827054798603058	-0.8783701062202454	-0.9507061839103699	0.00034333765506744385	-0.3100930452346802
0.5958070755004883	6.155257225036621	-1.140316128730774	0.33058851957321167	0.42135190963745117	0.5	8	0.5	3	0.0	0	0.11897587776184082	0.923870325088501	-0.3637421429157257	0.28636088967323303	-0.3827054798603058	-0.8783701062202454	-0.9507061839103699	0.0003433302044868469	-0.31009307503700256
1.5357849597930908	6.155257225036621	-0.8328601717948914	0.3305542469024658	0.38970595598220825	1.0	3	0.0	0	0.0	0	0.11897587776184082	0.923870325088501	-0.3637421429157257	0.28636085987091064	-0.3827054798603058	-0.8783701062202454	-0.9507061839103699	0.00034333765506744385	-0.3100930452346802
-0.9292118549346924	2.837918996810913	-3.4829964637756348	0.07177412509918213	0.38818690180778503	1.0	8	0.0	0	0.0	0	0.05051816999912262	-0.8622192144393921	0.5040099620819092	0.27353551983833313	-0.47341248393058777	-0.8372927308082581	0.9605343341827393	0.18016310036182404	0.21193163096904755
0.7816610336303711	1.7642868757247925	-5.491163730621338	0.15525443851947784	0.4202609062194824	1.0	8	0.0	0	0.0	0	0.05051816999912262	-0.8622192144393921	0.5040099620819092	0.27353551983833313	-0.47341248393058777	-0.8372926712036133	0.9605343341827393	0.18016311526298523	0.21193161606788635
0.07413506507873535	3.1064205169677734	-3.1242339611053467	0.0659383237361908	0.42225947976112366	1.0	8	0.0	0	0.0	0	0.05051816999912262	-0.8622192144393921	0.5040099620819092	0.27353551983833313	-0.47341248393058777	-0.8372926712036133	0.9605343341827393	0.18016311526298523	0.21193161606788635
0.7816610336303711	1.7642868757247925	-5.491163730621338	0.5231311321258545	0.4587736129760742	1.0	8	0.0	0	0.0	0	0.29528069496154785	0.15603330731391907	-0.9425832033157349	0.04757199063897133	-0.9877513647079468	-0.14860759675502777	-0.954225480556488	-0.0009596012532711029	-0.29908668994903564
-0.28032517433166504	2.8882861137390137	-5.637784957885742	0.4902135729789734	0.4925663471221924	1.0	8	0.0	0	0.0	0	0.29528069496154785	0.15603330731391907	-0.9425832033157349	0.04757198691368103	-0.9877513647079468	-0.14860761165618896	-0.954225480556488	-0.0009595939191058278	-0.29908668994903564
0.7230217456817627	3.156787872314453	-5.279021739959717	0.48260992765426636	0.45849108695983887	1.0	8	0.0	0	0.0	0	0.29528069496154785	0.15603330731391907	-0.9425832033157349	0.04757198691368103	-0.9877513647079468	-0.14860761165618896	-0.954225480556488	-0.0009595975279808044	-0.29908668994903564
0.7230217456817627	3.156787872314453	-5.279021739959717	0.48260992765426636	0.45849108695983887	1.0	8	0.0	0	0.0	0	-0.2998467683792114	0.7112893462181091	-0.635735273361206	0.25141459703445435	-0.5839213132858276	-0.771898090839386	-0.9202622175216675	-0.3912842869758606	-0.0037416070699691772
-0.9878511428833008	4.230420112609863	-3.2708544731140137	0.4094003438949585	0.49062466621398926	1.0	8	0.0	0	0.0	0	-0.2998467683792114	0.7112893462181091	-0.635735273361206	0.25141459703445435	-0.5839213132858276	-0.771898090839386	-0.9202622175216675	-0.3912842869758606	-0.0037416070699691772
0.11600279808044434	4.757606506347656	-3.201651096343994	0.40069228410720825	0.45637476444244385	1.0	8	0.0	0	0.0	0	-0.2998467683792114	0.7112893462181091	-0.635735273361206	0.25141459703445435	-0.5839213132858276	-0.7718981504440308	-0.9202622771263123	-0.3912842869758606	-0.0037416075356304646
-0.5878806114196777	3.5125465393066406	2.3782827854156494	0.43549251556396484	0.8882298469543457	0.5	8	0.5	3	0.0	0	-0.9655001163482666	0.1711553931236267	-0.1962532252073288	-0.09482395648956299	-0.9329937696456909	-0.3471757769584656	-0.24252404272556305	-0.31658875942230225	0.9170352220535278
0.5958070755004883	6.155257225036621	-1.140316128730774	0.39234524965286255	0.7490546107292175	0.5	8	0.5	3	0.0	0	-0.9655001163482666	0.1711553931236267	-0.1962532252073288	-0.09482397884130478	-0.9329938292503357	-0.3471757769584656	-0.24252405762672424	-0.31658872961997986	0.9170352816581726
0.8808114528656006	5.407912731170654	-3.1942124366760254	0.43549251556396484	0.6941570043563843	0.5	8	0.5	3	0.0	0	-0.9655001163482666	0.1711553931236267	-0.1962532252073288	-0.09482397139072418	-0.9329938292503357	-0.34717580676078796	-0.24252405762672424	-0.31658878922462463	0.9170352816581726
-0.28032517433166504	2.8882861137390137	-5.637784957885742	0.2620343267917633	0.4016702473163605	1.0	8	0.0	0	0.0	0	-0.9575431942939758	0.0035935642663389444	-0.28826776146888733	-0.058864299207925797	-0.9812936186790466	0.1832975149154663	-0.2822165787220001	0.19248396158218384	0.9398424625396729
-0.9292118549346924	2.837918996810913	-3.4829964637756348	0.277496337890625	0.47202178835868835	1.0	8	0.0	0	0.0	0	-0.9575431942939758	0.0035935642663389444	-0.28826776146888733	-0.0588642954826355	-0.9812935590744019	0.1832975149154663	-0.2822165787220001	0.19248394668102264	0.9398424029350281
-0.9878511428833008	4.230420112609863	-3.2708544731140137	0.23506447672843933	0.4875078499317169	1.0	8	0.0	0	0.0	0	-0.9575431942939758	0.0035935642663389444	-0.28826776146888733	-0.058864299207925797	-0.9812935590744019	0.1832975298166275	-0.2822165787220001	0.19248396158218384	0.9398424029350281
0.3947927951812744	3.1484198570251465	-0.5611981153488159	0.16478785872459412	0.8315714597702026	0.3333333333333333	8	0.3333333333333333	3	0.3333333333333333	2	0.6455042362213135	0.733992874622345	0.2111368179321289	-0.7637417316436768	0.6186087727546692	0.1844497174024582	0.00477367639541626	-0.280317097902298	0.9598956108093262
