7427	5984	79
0.059999980032444	0.1458592414855957	0.42847076058387756	0.797845184803009	0.9100830554962158	1.0	3	0.0	0	0.0	0	0.0	-0.258802205324173	-0.9659304022789001	-0.9851920008659363	-0.1656138151884079	0.04437298700213432	-0.1714552342891693	0.9516268372535706	-0.2549698054790497
0.06719145178794861	0.1437714397907257	0.429030179977417	0.7952787280082703	0.9088062644004822	1.0	3	0.0	0	0.0	0	0.2897768020629883	-0.1297968178987503	-0.9482522010803223	-0.9395511150360107	-0.22740361094474792	-0.25599080324172974	-0.18240918219089508	0.9651116728782654	-0.18784703314304352
0.0727275013923645	0.11688828468322754	0.4362334907054901	0.7950341105461121	0.8980336785316467	1.0	3	0.0	0	0.0	0	0.3136448562145233	-0.24573983252048492	-0.9171907305717468	-0.9330451488494873	-0.25902366638183594	-0.2496669739484787	-0.17622096836566925	0.9340870976448059	-0.3105278015136719
0.02999292127788067	0.17484380304813385	0.42070436477661133	0.8070914149284363	0.9232520461082458	1.0	3	0.0	0	0.0	0	0.0	-0.258802205324173	-0.9659304022789001	-0.9857013821601868	-0.1627606451511383	0.043608538806438446	-0.16850143671035767	0.952118992805481	-0.25510168075561523
-0.029992999508976936	0.17484375834465027	0.4207043945789337	0.8294872641563416	0.9271630048751831	1.0	3	0.0	0	0.0	0	0.0	-0.258802205324173	-0.9659304022789001	-0.9847524762153625	-0.16803495585918427	0.04502168297767639	-0.17396177351474762	0.9512022137641907	-0.25485607981681824
2.0057038341292355e-07	0.18713738024234772	0.41741034388542175	0.8174563646316528	0.9299691319465637	1.0	3	0.0	0	0.0	0	0.0	0.057192325592041016	-0.998363196849823	-0.9853715896606445	-0.1701405644416809	-0.009746725670993328	-0.17041954398155212	0.983758807182312	0.05635569989681244
0.07521051168441772	0.21087761223316193	0.7870070934295654	0.6533032655715942	0.8870134353637695	1.0	3	0.0	0	0.0	0	0.4030923843383789	0.23685643076896667	0.8839771747589111	0.7596262693405151	0.4520915448665619	-0.4675268530845642	-0.5103753209114075	0.8599486947059631	0.002312280237674713
0.1283922642469406	0.148481547832489	0.7596198916435242	0.6617839336395264	0.8544186353683472	1.0	3	0.0	0	0.0	0	0.6641260385513306	-0.08578917384147644	0.742682158946991	0.6684491038322449	0.5130433440208435	-0.5384815335273743	-0.3348322808742523	0.8540648221969604	0.3980711102485657
0.138970747590065	0.1998511403799057	0.745855450630188	0.6780176162719727	0.8702531456947327	1.0	3	0.0	0	0.0	0	0.718848466873169	0.17991049587726593	0.6714827418327332	0.58537358045578	0.36434823274612427	-0.7242845892906189	-0.3749599754810333	0.9137191772460938	0.1565963327884674
0.12839224934577942	0.07654522359371185	0.4911494255065918	0.7732847929000854	0.8711162209510803	1.0	3	0.0	0	0.0	0	0.6590625643730164	-0.4450618326663971	-0.6062643527984619	-0.7497855424880981	-0.45185068249702454	-0.48337623476982117	-0.05880863592028618	0.7731435298919678	-0.6314988732337952
0.06719149649143219	0.09000507742166519	0.44343680143356323	0.7989311218261719	0.887947678565979	1.0	3	0.0	0	0.0	0	0.2897791564464569	-0.3616822063922882	-0.88612300157547	-0.9393919706344604	-0.28472334146499634	-0.19098567962646484	-0.18322375416755676	0.8877604603767395	-0.42226821184158325
0.1965342015028	0.1638830453157425	0.6116202473640442	0.7984355092048645	0.7721326351165771	1.0	3	0.0	0	0.0	0	1.0	0.0	0.0	0.0	0.9654818177223206	-0.2604706287384033	0.0	0.2604706287384033	0.9654818177223206
0.16775253415107727	0.0772995799779892	0.5569567680358887	0.7670276761054993	0.7391188144683838	1.0	3	0.0	0	0.0	0	0.8566988706588745	-0.43965670466423035	-0.2697574496269226	0.38171809911727905	0.8921117186546326	-0.2417188435792923	0.34692707657814026	0.10410897433757782	0.9320960640907288
0.18157395720481873	0.1444171965122223	0.5389726758003235	0.7986182570457458	0.7392147183418274	1.0	3	0.0	0	0.0	0	0.9272914528846741	-0.09686753153800964	-0.3615899384021759	-0.0006394475931301713	0.9655280113220215	-0.2602984607219696	0.3743396997451782	0.24160374701023102	0.8952639102935791
0.16775254905223846	0.11623124778270721	0.7022519707679749	0.6821349859237671	0.8251354098320007	1.0	3	0.0	0	0.0	0	0.856699526309967	-0.2458612471818924	0.45345163345336914	0.5128689408302307	0.4999016523361206	-0.6978996396064758	-0.05509472265839577	0.8304514288902283	0.554360032081604
0.18157397210597992	0.1833488643169403	0.6842678785324097	0.7080563306808472	0.8510143756866455	1.0	3	0.0	0	0.0	0	0.9272914528846741	0.09686753153800964	0.3615899384021759	0.3210676610469818	0.2908809185028076	-0.901279091835022	-0.1924843043088913	0.9518432021141052	0.23863035440444946
0.07521051168441772	0.21087761223316193	0.7870070934295654	0.9611777663230896	0.9939077496528625	1.0	3	0.0	0	0.0	0	0.4030923843383789	0.23685643076896667	0.8839771747589111	0.17769214510917664	-0.9678006768226624	0.17829002439975739	0.8977428674697876	0.0852084532380104	-0.4322006106376648
2.5142796289401304e-07	0.21474958956241608	0.8014576435089111	0.9547529816627502	0.9616082310676575	1.0	3	0.0	0	0.0	0	0.0	0.258802205324173	0.9659304022789001	0.19508974254131317	-0.9473704695701599	0.25382938981056213	0.9807854294776917	0.18844307959079742	-0.050489649176597595
0.06948549300432205	0.18307659029960632	0.7944563031196594	0.9730492234230042	0.9889905452728271	1.0	3	0.0	0	0.0	0	0.3723955452442169	0.08783432096242905	0.9239084124565125	0.14948444068431854	-0.9881896376609802	0.033699627965688705	0.9159566760063171	0.12556034326553345	-0.3811272978782654
0.027831733226776123	0.18178999423980713	0.418843150138855	0.8074219822883606	0.9260962605476379	1.0	3	0.0	0	0.0	0	0.12003253400325775	0.03412061557173729	-0.9921834468841553	-0.9763913750648499	-0.17673227190971375	-0.12419988960027695	-0.17958863079547882	0.9836674332618713	0.012101450935006142
0.05142615735530853	0.16656190156936646	0.4229235053062439	0.7996423244476318	0.9186553955078125	1.0	3	0.0	0	0.0	0	0.22178025543689728	-0.03149542212486267	-0.9745879769325256	-0.9560161828994751	-0.20377729833126068	-0.21096859872341156	-0.1919543743133545	0.9785104990005493	-0.07530391216278076
0.1389707326889038	0.12791483104228973	0.477385014295578	0.7648943066596985	0.8921416997909546	1.0	3	0.0	0	0.0	0	0.7133598923683167	-0.1813766360282898	-0.6769197583198547	-0.6872853636741638	-0.3698386549949646	-0.6251865029335022	-0.13695687055587769	0.9112199544906616	-0.38848555088043213
0.16775253415107727	0.0772995799779892	0.5569567680358887	0.7440677881240845	0.8507769703865051	1.0	3	0.0	0	0.0	0	0.8566988706588745	-0.43965670466423035	-0.2697574496269226	-0.4949568808078766	-0.5534300804138184	-0.6698752641677856	0.14522328972816467	0.7073996663093567	-0.6917340755462646
0.18157397210597992	0.1833488643169403	0.6842678785324097	0.7981700897216797	0.805153489112854	1.0	3	0.0	0	0.0	0	0.9272914528846741	0.09686753153800964	0.3615899384021759	0.0016631745966151357	0.9648637175559998	-0.26274585723876953	-0.3743365406990051	0.24424338340759277	0.8945487141609192
0.1815740168094635	0.0912354439496994	0.6310861110687256	0.7667872309684753	0.7720706462860107	1.0	3	0.0	0	0.0	0	0.92387855052948	-0.36964908242225647	0.09903495013713837	0.3826846778392792	0.8917958736419678	-0.24135571718215942	0.0008979582344181836	0.26088252663612366	0.9653701186180115
0.13897083699703217	0.029647789895534515	0.6475884318351746	0.7351388931274414	0.7720087170600891	1.0	3	0.0	0	0.0	0	0.7071022391319275	-0.6830224990844727	0.18299387395381927	0.7071108222007751	0.6826902031898499	-0.18419671058654785	0.0008823734824545681	0.2596428692340851	0.9657043814659119
0.1283923089504242	0.02040001004934311	0.5722029209136963	0.7354042530059814	0.7389879822731018	1.0	3	0.0	0	0.0	0	0.6556822061538696	-0.7302414774894714	-0.19190697371959686	0.7061752080917358	0.6830596327781677	-0.18640299141407013	0.26720312237739563	-0.013298826292157173	0.9635485410690308
0.1283923238515854	0.05933167785406113	0.7174981832504272	0.6482880115509033	0.811130166053772	1.0	3	0.0	0	0.0	0	0.6556870937347412	-0.5364463329315186	0.5313189625740051	0.7457440495491028	0.5701839327812195	-0.34461018443107605	-0.11808464676141739	0.6221843957901001	0.7739138007164001
0.0531819723546505	0.15950800478458405	0.8007714748382568	0.9821352362632751	0.9799045920372009	1.0	3	0.0	0	0.0	0	0.2850179374217987	-0.038454074412584305	0.9577505588531494	0.1431320160627365	-0.9862852096557617	-0.08218702673912048	0.947775661945343	0.16050954163074493	-0.2756049931049347
-0.060000017285346985	0.14585915207862854	0.42847079038619995	0.8426540493965149	0.9179163575172424	1.0	3	0.0	0	0.0	0	0.0	-0.2588306665420532	-0.9659227132797241	-0.9846369624137878	-0.16866403818130493	0.0451955646276474	-0.17461441457271576	0.9510831236839294	-0.2548542022705078
-0.06719104945659637	0.14377135038375854	0.42903000116348267	0.8454984426498413	0.9175861477851868	1.0	3	0.0	0	0.0	0	-0.2897488474845886	-0.12979796528816223	-0.9482606053352356	-0.9423970580101013	-0.13431984186172485	0.30634281039237976	-0.1671328991651535	0.9824004769325256	-0.08340220153331757
-0.0514257550239563	0.1665618121623993	0.42292332649230957	0.838056206703186	0.9253671169281006	1.0	3	0.0	0	0.0	0	-0.22178004682064056	-0.03152590990066528	-0.9745870232582092	-0.9615200161933899	-0.1591344177722931	0.22395415604114532	-0.16215069591999054	0.986753523349762	0.00498004537075758
0.1283923089504242	0.02040001004934311	0.5722029209136963	0.7699041962623596	0.8248608112335205	1.0	3	0.0	0	0.0	0	0.6556822061538696	-0.7302414774894714	-0.19190697371959686	-0.7297192215919495	-0.5475993752479553	-0.4094444811344147	0.19390518963336945	0.4085036814212799	-0.8919224143028259
0.09826728701591492	0.03299618884921074	0.5028183460235596	0.7891902327537537	0.8549016714096069	1.0	3	0.0	0	0.0	0	0.5044239163398743	-0.6686180830001831	-0.5463575720787048	-0.8630485534667969	-0.40986207127571106	-0.2952291667461395	-0.026535682380199432	0.6204537749290466	-0.7837940454483032
0.1283923238515854	0.05933167785406113	0.7174981832504272	0.7349561452865601	0.8049266338348389	1.0	3	0.0	0	0.0	0	0.6556870937347412	-0.5364463329315186	0.5313189625740051	0.7075037956237793	0.6822649836540222	-0.18426330387592316	-0.2636529207229614	0.4967292249202728	0.8268900513648987
0.06948549300432205	0.18307659029960632	0.7944563031196594	0.6452292799949646	0.8793203830718994	1.0	3	0.0	0	0.0	0	0.3723955452442169	0.08783432096242905	0.9239084124565125	0.7719099521636963	0.5233671069145203	-0.3608904480934143	-0.5152418613433838	0.8475680351257324	0.12709937989711761
0.09826728701591492	0.104932501912117	0.7712888121604919	0.6406874656677246	0.8459764122962952	1.0	3	0.0	0	0.0	0	0.5083068609237671	-0.31105753779411316	0.8030363321304321	0.7828510403633118	0.5554605722427368	-0.28037092089653015	-0.35884353518486023	0.7711723446846008	0.5258561372756958
0.05142620950937271	0.06721451878547668	0.4495432674884796	0.8064544796943665	0.8802466988563538	1.0	3	0.0	0	0.0	0	0.22178217768669128	-0.4599836468696594	-0.8597836494445801	-0.9595905542373657	-0.2595774531364441	-0.10865365713834763	-0.1732015311717987	0.8491376042366028	-0.4989655613899231
-0.027831323444843292	0.18178997933864594	0.418843150138855	0.8282113671302795	0.9297267198562622	1.0	3	0.0	0	0.0	0	-0.12000245600938797	0.03412074223160744	-0.9921871423721313	-0.9793179035186768	-0.1680554300546646	0.11266664415597916	-0.16289815306663513	0.9851868152618408	0.05358211323618889
0.06948558241128922	-0.017619125545024872	0.5823900699615479	0.8037842512130737	0.8107249736785889	1.0	3	0.0	0	0.0	0	0.3548489212989807	-0.9244017601013184	-0.13987036049365997	-0.9336378574371338	-0.34252336621284485	-0.10487189888954163	0.04903489723801613	0.16780193150043488	-0.9846004843711853
0.05318201333284378	0.003897622227668762	0.5106152296066284	0.8101578950881958	0.8458704948425293	1.0	3	0.0	0	0.0	0	0.2729950547218323	-0.8179779648780823	-0.5063455104827881	-0.9588059186935425	-0.2743050754070282	-0.07381029427051544	-0.07851795107126236	0.5056368708610535	-0.8591660857200623
0.06948558241128922	0.021312542259693146	0.7276853322982788	0.7033984065055847	0.8049108982086182	1.0	3	0.0	0	0.0	0	0.35485002398490906	-0.730605959892273	0.5833494663238525	0.9233798980712891	0.3716241419315338	-0.09625540673732758	-0.14646194875240326	0.5728093385696411	0.8064976334571838
0.07521066069602966	-0.011503823101520538	0.6586149334907532	0.7034059762954712	0.7720139026641846	1.0	3	0.0	0	0.0	0	0.3826763331890106	-0.8924028277397156	0.23911549150943756	0.9238798022270203	0.37025508284568787	-0.09673269093036652	-0.0022091909777373075	0.25793126225471497	0.9661607146263123
0.0531819723546505	0.15950800478458405	0.8007714748382568	0.6348622441291809	0.8752987384796143	1.0	3	0.0	0	0.0	0	0.2850179374217987	-0.038454074412584305	0.9577505588531494	0.8057917952537537	0.5507384538650513	-0.21768523752689362	-0.5190991759300232	0.8337916731834412	0.1879563182592392
0.05318201705813408	0.07583393901586533	0.7790857553482056	0.6179497838020325	0.8462449908256531	1.0	3	0.0	0	0.0	0	0.27510035037994385	-0.4615728557109833	0.843368411064148	0.8530934453010559	0.5217078328132629	0.007256207522004843	-0.4433411657810211	0.7174758911132812	0.5372867584228516
0.0278317928314209	0.05198641121387482	0.4536236524581909	0.8162596225738525	0.8759334683418274	1.0	3	0.0	0	0.0	0	0.11999935656785965	-0.5256533026695251	-0.8421927690505981	-0.9786788821220398	-0.20507730543613434	-0.011447812430560589	-0.16669704020023346	0.8256099820137024	-0.5390549302101135
0.06948558241128922	-0.017619125545024872	0.5823900699615479	0.7037147283554077	0.7388129830360413	1.0	3	0.0	0	0.0	0	0.3548489212989807	-0.9244017601013184	-0.13987036049365997	0.923333466053009	0.3699897229671478	-0.10277596116065979	0.1467568576335907	-0.09267701953649521	0.9848214983940125
0.06948558241128922	0.021312542259693146	0.7276853322982788	0.6116398572921753	0.811130166053772	1.0	3	0.0	0	0.0	0	0.35485002398490906	-0.730605959892273	0.5833494663238525	0.8756709694862366	0.47832241654396057	0.06639304012060165	-0.3275362551212311	0.4872625768184662	0.8095031380653381
0.028782015666365623	0.14375996589660645	0.8049911856651306	0.9870525002479553	0.9680330157279968	1.0	3	0.0	0	0.0	0	0.1542438268661499	-0.12283960729837418	0.9803668856620789	0.16237956285476685	-0.9755992293357849	-0.1477804034948349	0.9745984673500061	0.1819857507944107	-0.13053351640701294
3.572383775463095e-07	-0.025954358279705048	0.6624869108200073	0.6713463068008423	0.7722128033638	1.0	3	0.0	0	0.0	0	0.0	-0.9659304022789001	0.258802205324173	0.9999950528144836	0.0008168733329512179	0.0030486206524074078	-0.0031561637297272682	0.2588008940219879	0.9659255146980286
2.8655583150793973e-07	0.13822999596595764	0.806472897529602	0.6136476397514343	0.8800472617149353	1.0	3	0.0	0	0.0	0	0.0	-0.1524745523929596	0.9883074164390564	0.8205543160438538	0.5648847818374634	0.08715493977069855	-0.5715686678886414	0.8109598159790039	0.12511363625526428
3.252525573316234e-07	0.06561583280563354	0.7818236351013184	0.5970381498336792	0.8552013039588928	1.0	3	0.0	0	0.0	0	0.0	-0.5144329071044922	0.8575306534767151	0.8210849165916443	0.48948392271995544	0.2936411201953888	-0.570806086063385	0.7041054964065552	0.4223930835723877
2.635174212173297e-07	0.04663898050785065	0.45505648851394653	0.8269771933555603	0.8756831884384155	1.0	3	0.0	0	0.0	0	0.0	-0.5487064719200134	-0.8360151648521423	-0.9853615164756775	-0.14252223074436188	0.09354250878095627	-0.17047812044620514	0.8237770795822144	-0.5406742095947266
3.4387451819384296e-07	-0.030969716608524323	0.5859673619270325	0.6718652844429016	0.7385081648826599	1.0	3	0.0	0	0.0	0	0.0	-0.9925805926322937	-0.1215890571475029	0.9998477101325989	0.0021217649336904287	-0.017322413623332977	0.017451874911785126	-0.12157054245471954	0.9924294352531433
3.4658572189982806e-07	0.007961951196193695	0.7312625646591187	0.5777619481086731	0.8251612186431885	1.0	3	0.0	0	0.0	0	0.0	-0.7987934947013855	0.6016053557395935	0.8155198097229004	0.34817495942115784	0.46227866411209106	-0.5787291526794434	0.4906211197376251	0.6514319181442261
2.8655583150793973e-07	0.13822999596595764	0.806472897529602	0.9870525002479553	0.9551835656166077	1.0	3	0.0	0	0.0	0	0.0	-0.1524745523929596	0.9883074164390564	0.19596745073795319	-0.9691463112831116	-0.1495065987110138	0.9806103706359863	0.19367608428001404	0.02988005056977272
0.02999301813542843	0.05893268436193466	0.4517626166343689	0.8149842023849487	0.8784881234169006	1.0	3	0.0	0	0.0	0	0.0	-0.25877371430397034	-0.9659380316734314	-0.9843368530273438	-0.1702927201986313	0.045621227473020554	-0.17629778385162354	0.9508084058761597	-0.2547205090522766
3.202429468274204e-07	-0.006320476531982422	0.5133532285690308	0.8329188227653503	0.8455613851547241	1.0	3	0.0	0	0.0	0	0.0	-0.8704394698143005	-0.4922754764556885	-0.9842739701271057	-0.08695989847183228	0.15376175940036774	-0.17664854228496552	0.4845339059829712	-0.8567509651184082
-0.05318139120936394	0.003897562623023987	0.5106152892112732	0.8540496826171875	0.854002058506012	1.0	3	0.0	0	0.0	0	-0.2729950547218323	-0.8179779648780823	-0.5063455104827881	-0.9146360158920288	0.05754519999027252	0.40016183257102966	-0.298185795545578	0.5723640322685242	-0.7638616561889648
-0.027831267565488815	0.05198638141155243	0.4536236524581909	0.8369948267936707	0.87954181432724	1.0	3	0.0	0	0.0	0	-0.11999935656785965	-0.5256533026695251	-0.8421927690505981	-0.9789920449256897	-0.07820691913366318	0.1883038580417633	-0.16484785079956055	0.8470963835716248	-0.5052255988121033
-0.06948494911193848	-0.017619244754314423	0.5823901295661926	0.6396549940109253	0.7377230525016785	1.0	3	0.0	0	0.0	0	-0.3548489212989807	-0.9244017601013184	-0.13987036049365997	0.9324408173561096	-0.36081662774086	0.01912071369588375	-0.06814277172088623	-0.12363586574792862	0.9899852871894836
-0.06948494911193848	0.021312423050403595	0.7276853322982788	0.5518237352371216	0.8511025309562683	1.0	3	0.0	0	0.0	0	-0.35485002398490906	-0.730605959892273	0.5833494663238525	0.6334748864173889	0.2710147202014923	0.7247486114501953	-0.6876018643379211	0.626714289188385	0.36665087938308716
-0.02878144197165966	0.14375993609428406	0.8049911856651306	0.9821352362632751	0.9433121085166931	1.0	3	0.0	0	0.0	0	-0.1542438268661499	-0.12283960729837418	0.9803668856620789	0.22418804466724396	-0.9707129001617432	-0.08634983748197556	0.962261974811554	0.2064676135778427	0.17726562917232513
0.06000002473592758	0.0879172831773758	0.44399625062942505	0.801792323589325	0.8876351714134216	1.0	3	0.0	0	0.0	0	0.0	-0.258802205324173	-0.9659304022789001	-0.9837515950202942	-0.1734183430671692	0.04646405950188637	-0.17953504621982574	0.9502354860305786	-0.2545970380306244
3.4387451819384296e-07	-0.030969716608524323	0.5859673619270325	0.840503454208374	0.8106586933135986	1.0	3	0.0	0	0.0	0	0.0	-0.9925805926322937	-0.1215890571475029	-0.9800664782524109	-0.02415855973958969	0.19719550013542175	-0.19866983592510223	0.11916536837816238	-0.9727948904037476
3.4658572189982806e-07	0.007961951196193695	0.7312625646591187	0.6719028353691101	0.8051602840423584	1.0	3	0.0	0	0.0	0	0.0	-0.7987934947013855	0.6016053557395935	0.9998507499694824	0.010394350625574589	0.013801791705191135	-0.017278077080845833	0.601515531539917	0.7986742258071899
-0.07520995289087296	-0.011503942310810089	0.658614993095398	0.6379684209823608	0.7726318836212158	1.0	3	0.0	0	0.0	0	-0.3826763331890106	-0.8924028277397156	0.23911549150943756	0.9237192273139954	-0.3646734952926636	0.11728604882955551	-0.017467310652136803	0.26575812697410583	0.9638814926147461
-0.05318138748407364	0.07583387941122055	0.7790857553482056	0.5811405181884766	0.8714920878410339	1.0	3	0.0	0	0.0	0	-0.27510035037994385	-0.4615728557109833	0.843368411064148	0.7505859732627869	0.4450552761554718	0.48841235041618347	-0.6007834076881409	0.7673828601837158	0.2240152209997177
-0.09826669096946716	0.10493239015340805	0.7712888121604919	0.5726763010025024	0.892639696598053	1.0	3	0.0	0	0.0	0	-0.5083068609237671	-0.31105753779411316	0.8030363321304321	0.6176102757453918	0.518176257610321	0.5916509628295898	-0.6001518964767456	0.7967036962509155	-0.07128020375967026
-0.12839169800281525	0.059331513941287994	0.7174981832504272	0.537780225276947	0.8849982023239136	1.0	3	0.0	0	0.0	0	-0.6556870937347412	-0.5364463329315186	0.5313189625740051	0.3985978364944458	0.3517347574234009	0.8469961285591125	-0.641251266002655	0.7671470046043396	-0.016801612451672554
-0.05318143218755722	0.15950793027877808	0.8007715344429016	0.9730493426322937	0.9342259764671326	1.0	3	0.0	0	0.0	0	-0.2850179374217987	-0.038454074412584305	0.9577505588531494	0.2304978221654892	-0.9726241827011108	0.029547834768891335	0.9303950071334839	0.22918105125427246	0.28607890009880066
-0.12839171290397644	0.020399846136569977	0.5722029209136963	0.9003957509994507	0.8506307601928711	1.0	3	0.0	0	0.0	0	-0.6556822061538696	-0.7302414774894714	-0.19190697371959686	-0.6038846969604492	0.3546108305454254	0.713844895362854	-0.45322686433792114	0.583945095539093	-0.6734936237335205
-0.09826669096946716	0.032996077090501785	0.5028183460235596	0.8703274726867676	0.869899332523346	1.0	3	0.0	0	0.0	0	-0.5044239163398743	-0.6686180830001831	-0.5463575720787048	-0.80947345495224	0.14595730602741241	0.5687260031700134	-0.3005155622959137	0.7291408777236938	-0.614852786064148
-0.06948494911193848	0.021312423050403595	0.7276853322982788	0.9251550436019897	0.914056658744812	1.0	3	0.0	0	0.0	0	-0.35485002398490906	-0.730605959892273	0.5833494663238525	-0.20833849906921387	-0.5464595556259155	-0.8111578226089478	0.9114136099815369	-0.40937352180480957	0.041697852313518524
-0.13897021114826202	0.029647640883922577	0.6475884914398193	0.9596450328826904	0.8823652267456055	1.0	3	0.0	0	0.0	0	-0.7071022391319275	-0.6830224990844727	0.18299387395381927	0.0020226698834449053	-0.26074331998825073	-0.965406060218811	0.7071084976196289	-0.6822706460952759	0.1857537031173706
-0.07520995289087296	-0.011503942310810089	0.658614993095398	0.9600640535354614	0.9157431721687317	1.0	3	0.0	0	0.0	0	-0.3826763331890106	-0.8924028277397156	0.23911549150943756	0.013270010240375996	-0.26409849524497986	-0.9644044041633606	0.9237872362136841	-0.36588168144226074	0.11290644109249115
-0.05318143218755722	0.15950793027877808	0.8007715344429016	0.6021187901496887	0.8984782099723816	1.0	3	0.0	0	0.0	0	-0.2850179374217987	-0.038454074412584305	0.9577505588531494	0.7855050563812256	0.5632501840591431	0.2563808262348175	-0.5493120551109314	0.8253910541534424	-0.13033053278923035
-0.05142571032047272	0.0672144740819931	0.449543297290802	0.8447712063789368	0.886968731880188	1.0	3	0.0	0	0.0	0	-0.22178217768669128	-0.4599836468696594	-0.8597836494445801	-0.9596523642539978	-0.05334478244185448	0.2760828137397766	-0.17285852134227753	0.8863235116004944	-0.42959344387054443
-0.06948494911193848	-0.017619244754314423	0.5823901295661926	0.9938503503799438	0.9130937457084656	1.0	3	0.0	0	0.0	0	-0.3548489212989807	-0.9244017601013184	-0.13987036049365997	0.22221441566944122	0.061914242804050446	-0.9730299711227417	0.9081306457519531	-0.37635985016822815	0.18344520032405853
-0.12839171290397644	0.020399846136569977	0.5722029209136963	0.9925923943519592	0.8818088173866272	1.0	3	0.0	0	0.0	0	-0.6556822061538696	-0.7302414774894714	-0.19190697371959686	0.2762316167354584	0.004525760188698769	-0.9610804915428162	0.7026893496513367	-0.6831741333007812	0.19874830543994904
-0.12839171290397644	0.07654507458209991	0.4911494851112366	0.8792724609375	0.8908268213272095	1.0	3	0.0	0	0.0	0	-0.6590625643730164	-0.4450618326663971	-0.6062643527984619	-0.7143638134002686	0.1183510273694992	0.6896936893463135	-0.23520435392856598	0.8876446485519409	-0.3959368169307709
-0.1677519679069519	0.1162310391664505	0.7022520303726196	0.926244854927063	0.8499967455863953	1.0	3	0.0	0	0.0	0	-0.856699526309967	-0.2458612471818924	0.45345163345336914	-0.3498821556568146	-0.36894336342811584	-0.8610826730728149	0.3790047764778137	-0.8963436484336853	0.23005111515522003
-0.18157343566417694	0.09123522788286209	0.6310861706733704	0.959446132183075	0.850305438041687	1.0	3	0.0	0	0.0	0	-0.92387855052948	-0.36964908242225647	0.09903495013713837	-0.001886869897134602	-0.2543860375881195	-0.967100977897644	0.38268107175827026	-0.8936707377433777	0.23432433605194092
-0.06948499381542206	0.18307650089263916	0.7944563627243042	0.6023430824279785	0.9096301794052124	1.0	3	0.0	0	0.0	0	-0.3723955452442169	0.08783432096242905	0.9239084124565125	0.7651705145835876	0.5924175381660461	0.2521022856235504	-0.5251963138580322	0.800829291343689	-0.287821888923645
-0.12839169800281525	0.14848139882087708	0.759619951248169	0.5729179382324219	0.9154150485992432	1.0	3	0.0	0	0.0	0	-0.6641260385513306	-0.08578917384147644	0.742682158946991	0.5424807667732239	0.6282640695571899	0.5576727986335754	-0.5144428014755249	0.7732558846473694	-0.37070754170417786
-0.06719102710485458	0.09000495076179504	0.4434366226196289	0.8491318225860596	0.8968026041984558	1.0	3	0.0	0	0.0	0	-0.28975123167037964	-0.36168545484542847	-0.8861309289932251	-0.9383141398429871	-0.07519989460706711	0.3375079035758972	-0.18870863318443298	0.9292623996734619	-0.3175852596759796
-0.1677519828081131	0.07729937136173248	0.5569567680358887	0.9923430681228638	0.8503130674362183	1.0	3	0.0	0	0.0	0	-0.8566988706588745	-0.43965670466423035	-0.2697574496269226	0.34685996174812317	-0.10396747291088104	-0.9321367144584656	0.3817741572856903	-0.8921285271644592	0.24156813323497772
-0.1677519679069519	0.1162310391664505	0.7022520303726196	0.537749171257019	0.9216810464859009	1.0	3	0.0	0	0.0	0	-0.856699526309967	-0.2458612471818924	0.45345163345336914	0.29348427057266235	0.4906103312969208	0.8204684853553772	-0.42418941855430603	0.8359757661819458	-0.3481491804122925
-0.06948499381542206	0.18307650089263916	0.7944563627243042	0.9611778855323792	0.9293087124824524	1.0	3	0.0	0	0.0	0	-0.3723955452442169	0.08783432096242905	0.9239084124565125	0.21124228835105896	-0.961358368396759	0.176541268825531	0.9037134647369385	0.2609117329120636	0.33945125341415405
-0.07521006464958191	0.21087750792503357	0.7870070934295654	0.6067962646484375	0.9198280572891235	1.0	3	0.0	0	0.0	0	-0.4030923843383789	0.23685643076896667	0.8839771747589111	0.764454185962677	0.6181716918945312	0.182957723736763	-0.5031149983406067	0.7495089173316956	-0.43024617433547974
-0.1389702558517456	0.19985097646713257	0.7458555698394775	0.5818353295326233	0.9363765120506287	1.0	3	0.0	0	0.0	0	-0.718848466873169	0.17991049587726593	0.6714827418327332	0.5697364211082458	0.7059329152107239	0.42078396677970886	-0.3983182907104492	0.6850481033325195	-0.6099603772163391
-0.1389702707529068	0.1279146671295166	0.4773850440979004	0.8795188665390015	0.9135788679122925	1.0	3	0.0	0	0.0	0	-0.7133598923683167	-0.1813766360282898	-0.6769197583198547	-0.689327597618103	0.007556550204753876	0.724410355091095	-0.1262759268283844	0.9833847284317017	-0.13041846454143524
-0.07272707670927048	0.1168881356716156	0.4362332820892334	0.8493733406066895	0.907553493976593	1.0	3	0.0	0	0.0	0	-0.3136448562145233	-0.24573983252048492	-0.9171907305717468	-0.9311766624450684	-0.10944844782352448	0.34775158762931824	-0.18584151566028595	0.9631370902061462	-0.19449925422668457
-0.1965337097644806	0.1638827919960022	0.611620306968689	0.9594407677650452	0.8185726404190063	1.0	3	0.0	0	0.0	0	-1.0	0.0	0.0	0.0	-0.2526373863220215	-0.9675610065460205	0.0	-0.9675610065460205	0.2526373863220215
-0.18157349526882172	0.14441697299480438	0.5389727354049683	0.9923587441444397	0.8187553882598877	1.0	3	0.0	0	0.0	0	-0.9272914528846741	-0.09686753153800964	-0.3615899384021759	0.37432852387428284	-0.23484505712985992	-0.8970651626586914	0.0019788809586316347	-0.9671943783760071	0.25403010845184326
-0.18157348036766052	0.1833486407995224	0.6842679977416992	0.5517303943634033	0.9556016325950623	1.0	3	0.0	0	0.0	0	-0.9272914528846741	0.09686753153800964	0.3615899384021759	0.315739244222641	0.7213138937950134	0.6164535880088806	-0.2011055052280426	0.6858002543449402	-0.6994530558586121
-0.07521006464958191	0.21087750792503357	0.7870070934295654	0.9483282566070557	0.9293087124824524	1.0	3	0.0	0	0.0	0	-0.4030923843383789	0.23685643076896667	0.8839771747589111	0.17769722640514374	-0.9272865056991577	0.32948964834213257	0.8977418541908264	0.28989505767822266	0.3316933810710907
-0.1677519828081131	0.07729937136173248	0.5569567680358887	0.9144261479377747	0.8845474720001221	1.0	3	0.0	0	0.0	0	-0.8566988706588745	-0.43965670466423035	-0.2697574496269226	-0.39250001311302185	0.21629542112350464	0.8939576148986816	-0.33468714356422424	0.871732234954834	-0.3578653037548065
-0.16775204241275787	0.21153460443019867	0.5209886431694031	0.9924547672271729	0.7871648073196411	1.0	3	0.0	0	0.0	0	-0.856699526309967	0.2458612471818924	-0.45345163345336914	0.3556192219257355	-0.3552365303039551	-0.8644893765449524	-0.3736270070075989	-0.9018637537956238	0.21689797937870026
-0.12839177250862122	0.25122058391571045	0.7320910692214966	0.5980833768844604	0.9523298740386963	1.0	3	0.0	0	0.0	0	-0.6641279458999634	0.44564110040664673	0.6002817749977112	0.6788277626037598	0.6958734393119812	0.23442071676254272	-0.31325262784957886	0.563173234462738	-0.7646624445915222
-0.16775202751159668	0.2504662871360779	0.6662838459014893	0.577622652053833	0.9816084504127502	1.0	3	0.0	0	0.0	0	-0.8566988706588745	0.43965670466423035	0.2697574496269226	0.5130307674407959	0.78057461977005	0.3570754826068878	-0.05357515439391136	0.44429999589920044	-0.8942746520042419
-0.06948503851890564	0.23867854475975037	0.7795578837394714	0.9364569187164307	0.9342259764671326	1.0	3	0.0	0	0.0	0	-0.372392475605011	0.38585135340690613	0.8440631628036499	0.14950580894947052	-0.8726596236228943	0.46487993001937866	0.9159543514251709	0.2993100881576538	0.2672848105430603
-0.18157349526882172	0.14441697299480438	0.5389727354049683	0.9143935441970825	0.9212436079978943	1.0	3	0.0	0	0.0	0	-0.9272914528846741	-0.09686753153800964	-0.3615899384021759	-0.3633781373500824	0.0008008283330127597	0.9316413402557373	-0.08995623886585236	0.9952970743179321	-0.03594214841723442
-0.1283917874097824	0.17928427457809448	0.463620662689209	0.8710330128669739	0.934694230556488	1.0	3	0.0	0	0.0	0	-0.6590652465820312	0.08228015899658203	-0.7475714087486267	-0.7511603236198425	-0.1213207095861435	0.6488756537437439	-0.037306297570466995	0.989197313785553	0.1417638510465622
-0.16775202751159668	0.2504662871360779	0.6662838459014893	0.9265508651733398	0.7866837978363037	1.0	3	0.0	0	0.0	0	-0.8566988706588745	0.43965670466423035	0.2697574496269226	-0.3431369662284851	-0.09530098736286163	-0.934438169002533	-0.3851238489151001	-0.8930959105491638	0.23250670731067657
-0.1815735548734665	0.2365303784608841	0.5921545028686523	0.9595026969909668	0.7869243621826172	1.0	3	0.0	0	0.0	0	-0.92387855052948	0.36964908242225647	-0.09903495013713837	-0.0009064620826393366	-0.2609021067619324	-0.9653648734092712	-0.3826846480369568	-0.8917901515960693	0.24137693643569946
-0.06948503851890564	0.23867854475975037	0.7795578837394714	0.6147944927215576	0.9275250434875488	1.0	3	0.0	0	0.0	0	-0.372392475605011	0.38585135340690613	0.8440631628036499	0.784098744392395	0.6173558831214905	0.06372475624084473	-0.49649909138679504	0.6855595111846924	-0.5324442386627197
-0.05318150296807289	0.26224711537361145	0.773242712020874	0.9273709058761597	0.9433121085166931	1.0	3	0.0	0	0.0	0	-0.2850230634212494	0.5121808648109436	0.8102052807807922	0.1431349366903305	-0.8130543231964111	0.5643183588981628	0.9477739930152893	0.27681243419647217	0.15842825174331665
-0.128391832113266	0.26843416690826416	0.5057424902915955	0.8743321299552917	0.9810285568237305	1.0	3	0.0	0	0.0	0	-0.6556870937347412	0.5364463329315186	-0.5313189625740051	-0.7302700281143188	-0.27180418372154236	0.6267601251602173	0.19180841743946075	0.7989647388458252	0.569969117641449
-0.09826676547527313	0.2228333204984665	0.4519517421722412	0.8551103472709656	0.9509494304656982	1.0	3	0.0	0	0.0	0	-0.5044229626655579	0.3058338761329651	-0.8074795603752136	-0.8628788590431213	-0.21275924146175385	0.4584468901157379	-0.03159014508128166	0.9280081987380981	0.3712182343006134
-0.13897033035755157	0.29811805486679077	0.5756521821022034	0.9595646858215332	0.7552760243415833	1.0	3	0.0	0	0.0	0	-0.7071022391319275	0.6830224990844727	-0.18299387395381927	-0.008917707949876785	-0.26738396286964417	-0.9635488390922546	-0.7070551514625549	-0.6796956062316895	0.19515879452228546
-0.05318150296807289	0.26224711537361145	0.773242712020874	0.6251042485237122	0.9315558075904846	1.0	3	0.0	0	0.0	0	-0.2850230634212494	0.5121808648109436	0.8102052807807922	0.8120736479759216	0.5780790448188782	-0.07975627481937408	-0.5092123746871948	0.6352139711380005	-0.5806944370269775
-0.09826676547527313	0.29476964473724365	0.7204222083091736	0.619192898273468	0.9608384966850281	1.0	3	0.0	0	0.0	0	-0.5083008408546448	0.6709082722663879	0.5399189591407776	0.7838441729545593	0.620101273059845	-0.03260240703821182	-0.3566776216030121	0.4066404104232788	-0.8410854935646057
-0.128391832113266	0.26843416690826416	0.5057424902915955	0.9925855398178101	0.7555413842201233	1.0	3	0.0	0	0.0	0	-0.6556870937347412	0.5364463329315186	-0.5313189625740051	0.28353938460350037	-0.4772331714630127	-0.8317776918411255	-0.699766993522644	-0.6960356831550598	0.16081197559833527
-0.1283918172121048	0.3073658347129822	0.6510376930236816	0.6115096211433411	0.9957282543182373	1.0	3	0.0	0	0.0	0	-0.6556822061538696	0.7302414774894714	0.19190697371959686	0.7460014224052429	0.6657648086547852	0.015463433228433132	-0.11647287756204605	0.15330196917057037	-0.9812912940979004
-0.06948507577180862	0.30645322799682617	0.4955553412437439	0.8404232263565063	0.9950070381164551	1.0	3	0.0	0	0.0	0	-0.35485002398490906	0.730605959892273	-0.5833494663238525	-0.9338240623474121	-0.2467113435268402	0.2590484619140625	0.045343417674303055	0.6366690993309021	0.7698029279708862
-0.05318152904510498	0.2519318461418152	0.4441547989845276	0.8341771960258484	0.9598721861839294	1.0	3	0.0	0	0.0	0	-0.27299556136131287	0.4552265703678131	-0.8474917411804199	-0.9585164189338684	-0.20377957820892334	0.1992993801832199	-0.08197513222694397	0.8667426109313965	0.49197307229042053
-0.1283918172121048	0.3073658347129822	0.6510376930236816	0.9266467094421387	0.7550932765007019	1.0	3	0.0	0	0.0	0	-0.6556822061538696	0.7302414774894714	0.19190697371959686	-0.24822650849819183	0.03153911605477333	-0.968188464641571	-0.7130639553070068	-0.682460367679596	0.1605856567621231
-0.07521012425422668	0.33926960825920105	0.5646256804466248	0.959559440612793	0.7235431671142578	1.0	3	0.0	0	0.0	0	-0.3826763331890106	0.8924028277397156	-0.23911549150943756	-0.012469463050365448	-0.26378124952316284	-0.9645019769668579	-0.9237983226776123	-0.3661103844642639	0.11207061260938644
-0.028781531378626823	0.27799513936042786	0.7690230011940002	0.6361522078514099	0.9312983751296997	1.0	3	0.0	0	0.0	0	-0.15424484014511108	0.596592366695404	0.787582516670227	0.8271740078926086	0.5139238238334656	-0.22730034589767456	-0.540363073348999	0.6164078712463379	-0.572755753993988
-0.05318152531981468	0.32386815547943115	0.71262526512146	0.6419521570205688	0.9605978727340698	1.0	3	0.0	0	0.0	0	-0.275101900100708	0.8214296698570251	0.49957209825515747	0.8477656245231628	0.452337384223938	-0.27691954374313354	-0.45344504714012146	0.3473389148712158	-0.8208187222480774
-0.06948507577180862	0.30645322799682617	0.4955553412437439	0.9927603602409363	0.7238519191741943	1.0	3	0.0	0	0.0	0	-0.35485002398490906	0.730605959892273	-0.5833494663238525	0.16896885633468628	-0.5635520219802856	-0.8086153864860535	-0.9195268750190735	-0.3855050504207611	0.07652679830789566
-0.06948507577180862	0.3453848958015442	0.6408505439758301	0.6482412219047546	0.9957820177078247	1.0	3	0.0	0	0.0	0	-0.3548489212989807	0.9244017601013184	0.13987036049365997	0.87371426820755	0.38112983107566833	-0.302264004945755	-0.33272212743759155	0.014948663301765919	-0.942906379699707
-0.028781531378626823	0.27799513936042786	0.7690230011940002	0.9224535226821899	0.9551833868026733	1.0	3	0.0	0	0.0	0	-0.15424484014511108	0.596592366695404	0.787582516670227	0.16237342357635498	-0.7709856033325195	0.6158051490783691	0.9745994210243225	0.2228672355413437	0.022049812600016594
1.7914597094659257e-07	0.26214995980262756	0.4414168894290924	0.8114348649978638	0.9601055383682251	1.0	3	0.0	0	0.0	0	0.0	0.507657527923584	-0.8615589737892151	-0.9809405207633972	-0.1674083024263382	-0.09864214062690735	-0.19430853426456451	0.8451380133628845	0.4979817867279053
1.519557173423891e-07	0.3198038339614868	0.4919780492782593	0.9930652379989624	0.6920024156570435	1.0	3	0.0	0	0.0	0	0.0	0.798804521560669	-0.6015906929969788	0.03275804594159126	-0.6012628078460693	-0.79837965965271	-0.9994633793830872	-0.019706934690475464	-0.02616727538406849
1.546669210483742e-07	0.35873550176620483	0.6372733116149902	0.6822070479393005	0.981730580329895	1.0	3	0.0	0	0.0	0	0.0	0.9925805926322937	0.1215890571475029	0.8264057636260986	0.06847067922353745	-0.5588964819908142	-0.563075065612793	0.10048189759254456	-0.820274293422699
1.8924515643448103e-07	0.28352510929107666	0.7675412893295288	0.9224535226821899	0.9680330157279968	1.0	3	0.0	0	0.0	0	0.0	0.6262235641479492	0.7796435952186584	0.19597133994102478	-0.764532208442688	0.6140732169151306	0.9806097149848938	0.15278780460357666	-0.12272186577320099
-0.06948507577180862	0.3453848958015442	0.6408505439758301	0.9266625642776489	0.7235355973243713	1.0	3	0.0	0	0.0	0	-0.3548489212989807	0.9244017601013184	0.13987036049365997	-0.1292618215084076	0.09964855015277863	-0.9865909218788147	-0.9259441494941711	-0.3681705892086029	0.08412966132164001
1.5887459881014365e-07	0.35372012853622437	0.5607537031173706	0.9593605995178223	0.6914834380149841	1.0	3	0.0	0	0.0	0	0.0	0.9659304022789001	-0.258802205324173	-0.011799649335443974	-0.2587842047214508	-0.9658631682395935	-0.9999304413795471	0.0030537748243659735	0.011397638358175755
1.84155609872505e-07	0.33408626914024353	0.7098873853683472	0.6628851890563965	0.9516331553459167	1.0	3	0.0	0	0.0	0	0.0	0.8742867708206177	0.485409677028656	0.8247133493423462	0.2745243012905121	-0.4944535493850708	-0.5655509829521179	0.4003238379955292	-0.7210360169410706
0.06948540359735489	0.30645328760147095	0.4955553114414215	0.9938503503799438	0.6597921848297119	1.0	3	0.0	0	0.0	0	0.35485002398490906	0.730605959892273	-0.5833494663238525	-0.07746691256761551	-0.598820686340332	-0.7971277832984924	-0.9317079186439514	0.3280511200428009	-0.1558937430381775
0.06948540359735489	0.34538495540618896	0.6408505439758301	0.7081978917121887	0.9557021856307983	1.0	3	0.0	0	0.0	0	0.3548489212989807	0.9244017601013184	0.13987036049365997	0.6325433254241943	-0.12720060348510742	-0.7640084028244019	-0.6884591579437256	0.3595816195011139	-0.6298611760139465
0.028781920671463013	0.27799516916275024	0.7690230011940002	0.9273709058761597	0.9799044728279114	1.0	3	0.0	0	0.0	0	0.15424484014511108	0.596592366695404	0.787582516670227	0.22420145571231842	-0.7974682450294495	0.5601589679718018	0.9622585773468018	0.09017552435398102	-0.25676223635673523
-0.0599999725818634	0.08791719377040863	0.44399625062942505	0.8465695977210999	0.8955284357070923	1.0	3	0.0	0	0.0	0	3.051912790397182e-05	-0.258802205324173	-0.9659304022789001	-0.9852031469345093	-0.16555894911289215	0.044327158480882645	-0.1713903844356537	0.9516363739967346	-0.2549777925014496
-0.029992906376719475	0.05893263965845108	0.4517626166343689	0.8373268246650696	0.8823819756507874	1.0	3	0.0	0	0.0	0	0.0	-0.25877371430397034	-0.9659380316734314	-0.9857954382896423	-0.16223014891147614	0.04346127063035965	-0.16795089840888977	0.952217161655426	-0.2550979256629944
0.06948540359735489	0.30645328760147095	0.4955553114414215	0.7699366211891174	0.980862021446228	1.0	3	0.0	0	0.0	0	0.35485002398490906	0.730605959892273	-0.5833494663238525	-0.841553807258606	-0.022209297865629196	-0.5397166013717651	-0.40727588534355164	0.682438313961029	0.6069631576538086
0.05318186804652214	0.25193190574645996	0.4441547989845276	0.7903370261192322	0.9516223073005676	1.0	3	0.0	0	0.0	0	0.27299556136131287	0.4552265703678131	-0.8474917411804199	-0.9161141514778137	-0.14585468173027039	-0.37344515323638916	-0.2936127781867981	0.8783479928970337	0.37722182273864746
